Dates,DoW,Age,Subject,Board,Trials,TrialsLeft,TrialsRight,ChoseLeft,ChoseRight,Hits,HitsLeft,HitsRight,HitsRep,HitsAlt,Errors,ErrorsLeft,ErrorsRight,Performance,PerformanceLeft,PerformanceRight,Responses,ResponsesLeft,ResponsesRight,Repetitions,RepsLeft,RepsRight,RepRateLeft,RepRateRight,Alternations,AltsLeft,AltsRight,AltRateLeft,AltRateRight,Accuracy,AccuracyLeft,AccuracyRight,AccMaxEvi,LateralBias,AccuracyRep,AccuracyAlt,RepBias,CorrRepBias,CorrAltBias,Misses,MissesLeft,MissesRight,MissRate,MissRateLeft,MissRateRight,Rewards,RewardsLeft,RewardsRight,Water,WaterLeft,WaterRight,Stage,SoundsMismatch,NoSound,MessageCount,P,VarDelay,PCRight,xPCRight,yPCRight,FitPCRight,FitErrorPCRight,ParamsPCRight,SensitivityPCRight,BiasPCRight,LapseRight,LapseLeft,PCRep,xPCRep,yPCRep,FitPCRep,FitErrorPCRep,ParamsPCRep,SensitivityPCRep,BiasPCRep,LapseRep,LapseAlt,Drug
2022-01-17,0,117,327,Bpod5,660,336,324,198,65,162,116,46,58,33,101,17,84,0.24545454545454545,0.34523809523809523,0.1419753086419753,263,133,130,91,75,16,0.3787878787878788,0.24615384615384617,47,24,23,0.12121212121212122,0.35384615384615387,0.6159695817490495,0.8721804511278195,0.35384615384615387,0.6159695817490495,-0.5183342972816656,0.6373626373626373,0.7021276595744681,-0.06476502221183078,0.3124708624708625,0.23752913752913754,397,203,194,0.6015151515151516,0.6041666666666666,0.5987654320987654,196,132,64,490.0,330.0,160.0,1.0,0,0,0,0.0,,"psych_curve(xdata=array([-70.,  70.]), ydata=[np.float64(0.008), np.float64(0.492)], fit=[np.float64(0.01), np.float64(0.01), np.float64(0.01), np.float64(0.01), np.float64(0.01), np.float64(0.01), np.float64(0.01), np.float64(0.01), np.float64(0.01), np.float64(0.01), np.float64(0.01), np.float64(0.01), np.float64(0.01), np.float64(0.01), np.float64(0.01), np.float64(0.01), np.float64(0.01), np.float64(0.01), np.float64(0.01), np.float64(0.01), np.float64(0.01), np.float64(0.01), np.float64(0.01), np.float64(0.01), np.float64(0.01), np.float64(0.01), np.float64(0.01), np.float64(0.01), np.float64(0.01), np.float64(0.01), np.float64(0.01), np.float64(0.01), np.float64(0.01), np.float64(0.01), np.float64(0.01), np.float64(0.01), np.float64(0.01), np.float64(0.01), np.float64(0.01), np.float64(0.01), np.float64(0.01), np.float64(0.01), np.float64(0.01), np.float64(0.01), np.float64(0.01), np.float64(0.01), np.float64(0.011), np.float64(0.015), np.float64(0.03), np.float64(0.084), np.float64(0.215), np.float64(0.372), np.float64(0.455), np.float64(0.481), np.float64(0.488), np.float64(0.489), np.float64(0.49), np.float64(0.49), np.float64(0.49), np.float64(0.49), np.float64(0.49), np.float64(0.49), np.float64(0.49), np.float64(0.49), np.float64(0.49), np.float64(0.49), np.float64(0.49), np.float64(0.49), np.float64(0.49), np.float64(0.49), np.float64(0.49), np.float64(0.49), np.float64(0.49), np.float64(0.49), np.float64(0.49), np.float64(0.49), np.float64(0.49), np.float64(0.49), np.float64(0.49), np.float64(0.49), np.float64(0.49), np.float64(0.49), np.float64(0.49), np.float64(0.49), np.float64(0.49), np.float64(0.49), np.float64(0.49), np.float64(0.49), np.float64(0.49), np.float64(0.49), np.float64(0.49), np.float64(0.49), np.float64(0.49), np.float64(0.49), np.float64(0.49), np.float64(0.49), np.float64(0.49), np.float64(0.49), np.float64(0.49), np.float64(0.49)], params=[np.float64(1.0), np.float64(1.0), np.float64(0.01), np.float64(0.51)], fit_error=[np.float64(0.008), np.float64(0.044)])",[-70.  70.],"[np.float64(0.008), np.float64(0.492)]","[np.float64(0.01), np.float64(0.01), np.float64(0.01), np.float64(0.01), np.float64(0.01), np.float64(0.01), np.float64(0.01), np.float64(0.01), np.float64(0.01), np.float64(0.01), np.float64(0.01), np.float64(0.01), np.float64(0.01), np.float64(0.01), np.float64(0.01), np.float64(0.01), np.float64(0.01), np.float64(0.01), np.float64(0.01), np.float64(0.01), np.float64(0.01), np.float64(0.01), np.float64(0.01), np.float64(0.01), np.float64(0.01), np.float64(0.01), np.float64(0.01), np.float64(0.01), np.float64(0.01), np.float64(0.01), np.float64(0.01), np.float64(0.01), np.float64(0.01), np.float64(0.01), np.float64(0.01), np.float64(0.01), np.float64(0.01), np.float64(0.01), np.float64(0.01), np.float64(0.01), np.float64(0.01), np.float64(0.01), np.float64(0.01), np.float64(0.01), np.float64(0.01), np.float64(0.01), np.float64(0.011), np.float64(0.015), np.float64(0.03), np.float64(0.084), np.float64(0.215), np.float64(0.372), np.float64(0.455), np.float64(0.481), np.float64(0.488), np.float64(0.489), np.float64(0.49), np.float64(0.49), np.float64(0.49), np.float64(0.49), np.float64(0.49), np.float64(0.49), np.float64(0.49), np.float64(0.49), np.float64(0.49), np.float64(0.49), np.float64(0.49), np.float64(0.49), np.float64(0.49), np.float64(0.49), np.float64(0.49), np.float64(0.49), np.float64(0.49), np.float64(0.49), np.float64(0.49), np.float64(0.49), np.float64(0.49), np.float64(0.49), np.float64(0.49), np.float64(0.49), np.float64(0.49), np.float64(0.49), np.float64(0.49), np.float64(0.49), np.float64(0.49), np.float64(0.49), np.float64(0.49), np.float64(0.49), np.float64(0.49), np.float64(0.49), np.float64(0.49), np.float64(0.49), np.float64(0.49), np.float64(0.49), np.float64(0.49), np.float64(0.49), np.float64(0.49), np.float64(0.49), np.float64(0.49), np.float64(0.49)]","[np.float64(0.008), np.float64(0.044)]","[np.float64(1.0), np.float64(1.0), np.float64(0.01), np.float64(0.51)]",1.0,1.0,0.01,0.51,"psych_curve(xdata=array([-70.,  70.]), ydata=[np.float64(0.343), np.float64(0.958)], fit=[np.float64(nan), np.float64(nan), np.float64(nan), np.float64(nan), np.float64(nan), np.float64(nan), np.float64(nan), np.float64(nan), np.float64(nan), np.float64(nan), np.float64(nan), np.float64(nan), np.float64(nan), np.float64(nan), np.float64(nan), np.float64(nan), np.float64(nan), np.float64(nan), np.float64(nan), np.float64(nan), np.float64(nan), np.float64(nan), np.float64(nan), np.float64(nan), np.float64(nan), np.float64(nan), np.float64(nan), np.float64(nan), np.float64(nan), np.float64(nan), np.float64(nan), np.float64(nan), np.float64(nan), np.float64(nan), np.float64(nan), np.float64(nan), np.float64(nan), np.float64(nan), np.float64(nan), np.float64(nan), np.float64(nan), np.float64(nan), np.float64(nan), np.float64(nan), np.float64(nan), np.float64(nan), np.float64(nan), np.float64(nan), np.float64(nan), np.float64(nan), np.float64(nan), np.float64(nan), np.float64(nan), np.float64(nan), np.float64(nan), np.float64(nan), np.float64(nan), np.float64(nan), np.float64(nan), np.float64(nan), np.float64(nan), np.float64(nan), np.float64(nan), np.float64(nan), np.float64(nan), np.float64(nan), np.float64(nan), np.float64(nan), np.float64(nan), np.float64(nan), np.float64(nan), np.float64(nan), np.float64(nan), np.float64(nan), np.float64(nan), np.float64(nan), np.float64(nan), np.float64(nan), np.float64(nan), np.float64(nan), np.float64(nan), np.float64(nan), np.float64(nan), np.float64(nan), np.float64(nan), np.float64(nan), np.float64(nan), np.float64(nan), np.float64(nan), np.float64(nan), np.float64(nan), np.float64(nan), np.float64(nan), np.float64(nan), np.float64(nan), np.float64(nan), np.float64(nan), np.float64(nan), np.float64(nan), np.float64(nan)], params=[np.float64(1.0), np.float64(1.0), np.float64(0.34), np.float64(0.04)], fit_error=[np.float64(0.058), np.float64(0.024)])",[-70.  70.],"[np.float64(0.008), np.float64(0.492)]","[np.float64(0.01), np.float64(0.01), np.float64(0.01), np.float64(0.01), np.float64(0.01), np.float64(0.01), np.float64(0.01), np.float64(0.01), np.float64(0.01), np.float64(0.01), np.float64(0.01), np.float64(0.01), np.float64(0.01), np.float64(0.01), np.float64(0.01), np.float64(0.01), np.float64(0.01), np.float64(0.01), np.float64(0.01), np.float64(0.01), np.float64(0.01), np.float64(0.01), np.float64(0.01), np.float64(0.01), np.float64(0.01), np.float64(0.01), np.float64(0.01), np.float64(0.01), np.float64(0.01), np.float64(0.01), np.float64(0.01), np.float64(0.01), np.float64(0.01), np.float64(0.01), np.float64(0.01), np.float64(0.01), np.float64(0.01), np.float64(0.01), np.float64(0.01), np.float64(0.01), np.float64(0.01), np.float64(0.01), np.float64(0.01), np.float64(0.01), np.float64(0.01), np.float64(0.01), np.float64(0.011), np.float64(0.015), np.float64(0.03), np.float64(0.084), np.float64(0.215), np.float64(0.372), np.float64(0.455), np.float64(0.481), np.float64(0.488), np.float64(0.489), np.float64(0.49), np.float64(0.49), np.float64(0.49), np.float64(0.49), np.float64(0.49), np.float64(0.49), np.float64(0.49), np.float64(0.49), np.float64(0.49), np.float64(0.49), np.float64(0.49), np.float64(0.49), np.float64(0.49), np.float64(0.49), np.float64(0.49), np.float64(0.49), np.float64(0.49), np.float64(0.49), np.float64(0.49), np.float64(0.49), np.float64(0.49), np.float64(0.49), np.float64(0.49), np.float64(0.49), np.float64(0.49), np.float64(0.49), np.float64(0.49), np.float64(0.49), np.float64(0.49), np.float64(0.49), np.float64(0.49), np.float64(0.49), np.float64(0.49), np.float64(0.49), np.float64(0.49), np.float64(0.49), np.float64(0.49), np.float64(0.49), np.float64(0.49), np.float64(0.49), np.float64(0.49), np.float64(0.49), np.float64(0.49), np.float64(0.49)]","[np.float64(0.008), np.float64(0.044)]","[np.float64(1.0), np.float64(1.0), np.float64(0.34), np.float64(0.04)]",1.0,1.0,0.34,0.04,
2022-01-18,1,118,327,Bpod5,692,336,356,160,266,269,67,202,122,62,157,103,54,0.38872832369942195,0.19940476190476192,0.5674157303370787,426,170,256,192,59,133,0.36875,0.5,105,49,56,0.30625,0.21052631578947367,0.6314553990610329,0.3941176470588235,0.7890625,0.6314553990610329,0.3949448529411765,0.6354166666666666,0.5904761904761905,0.04494047619047614,0.434375,0.25838815789473685,266,166,100,0.38439306358381503,0.49404761904761907,0.2808988764044944,360,132,228,900.0,330.0,570.0,1.0,0,0,0,0.0,,"psych_curve(xdata=array([-70.,  70.]), ydata=[np.float64(0.224), np.float64(0.891)], fit=[np.float64(0.22), np.float64(0.22), np.float64(0.22), np.float64(0.22), np.float64(0.22), np.float64(0.22), np.float64(0.22), np.float64(0.22), np.float64(0.22), np.float64(0.22), np.float64(0.22), np.float64(0.22), np.float64(0.22), np.float64(0.22), np.float64(0.22), np.float64(0.22), np.float64(0.22), np.float64(0.22), np.float64(0.22), np.float64(0.22), np.float64(0.22), np.float64(0.22), np.float64(0.22), np.float64(0.22), np.float64(0.22), np.float64(0.22), np.float64(0.22), np.float64(0.22), np.float64(0.22), np.float64(0.22), np.float64(0.22), np.float64(0.22), np.float64(0.22), np.float64(0.22), np.float64(0.22), np.float64(0.22), np.float64(0.22), np.float64(0.22), np.float64(0.22), np.float64(0.22), np.float64(0.22), np.float64(0.22), np.float64(0.22), np.float64(0.22), np.float64(0.22), np.float64(0.22), np.float64(0.222), np.float64(0.227), np.float64(0.248), np.float64(0.323), np.float64(0.506), np.float64(0.725), np.float64(0.841), np.float64(0.877), np.float64(0.887), np.float64(0.889), np.float64(0.89), np.float64(0.89), np.float64(0.89), np.float64(0.89), np.float64(0.89), np.float64(0.89), np.float64(0.89), np.float64(0.89), np.float64(0.89), np.float64(0.89), np.float64(0.89), np.float64(0.89), np.float64(0.89), np.float64(0.89), np.float64(0.89), np.float64(0.89), np.float64(0.89), np.float64(0.89), np.float64(0.89), np.float64(0.89), np.float64(0.89), np.float64(0.89), np.float64(0.89), np.float64(0.89), np.float64(0.89), np.float64(0.89), np.float64(0.89), np.float64(0.89), np.float64(0.89), np.float64(0.89), np.float64(0.89), np.float64(0.89), np.float64(0.89), np.float64(0.89), np.float64(0.89), np.float64(0.89), np.float64(0.89), np.float64(0.89), np.float64(0.89), np.float64(0.89), np.float64(0.89), np.float64(0.89), np.float64(0.89), np.float64(0.89)], params=[np.float64(1.0), np.float64(1.0), np.float64(0.22), np.float64(0.11)], fit_error=[np.float64(0.032), np.float64(0.02)])",[-70.  70.],"[np.float64(0.224), np.float64(0.891)]","[np.float64(0.22), np.float64(0.22), np.float64(0.22), np.float64(0.22), np.float64(0.22), np.float64(0.22), np.float64(0.22), np.float64(0.22), np.float64(0.22), np.float64(0.22), np.float64(0.22), np.float64(0.22), np.float64(0.22), np.float64(0.22), np.float64(0.22), np.float64(0.22), np.float64(0.22), np.float64(0.22), np.float64(0.22), np.float64(0.22), np.float64(0.22), np.float64(0.22), np.float64(0.22), np.float64(0.22), np.float64(0.22), np.float64(0.22), np.float64(0.22), np.float64(0.22), np.float64(0.22), np.float64(0.22), np.float64(0.22), np.float64(0.22), np.float64(0.22), np.float64(0.22), np.float64(0.22), np.float64(0.22), np.float64(0.22), np.float64(0.22), np.float64(0.22), np.float64(0.22), np.float64(0.22), np.float64(0.22), np.float64(0.22), np.float64(0.22), np.float64(0.22), np.float64(0.22), np.float64(0.222), np.float64(0.227), np.float64(0.248), np.float64(0.323), np.float64(0.506), np.float64(0.725), np.float64(0.841), np.float64(0.877), np.float64(0.887), np.float64(0.889), np.float64(0.89), np.float64(0.89), np.float64(0.89), np.float64(0.89), np.float64(0.89), np.float64(0.89), np.float64(0.89), np.float64(0.89), np.float64(0.89), np.float64(0.89), np.float64(0.89), np.float64(0.89), np.float64(0.89), np.float64(0.89), np.float64(0.89), np.float64(0.89), np.float64(0.89), np.float64(0.89), np.float64(0.89), np.float64(0.89), np.float64(0.89), np.float64(0.89), np.float64(0.89), np.float64(0.89), np.float64(0.89), np.float64(0.89), np.float64(0.89), np.float64(0.89), np.float64(0.89), np.float64(0.89), np.float64(0.89), np.float64(0.89), np.float64(0.89), np.float64(0.89), np.float64(0.89), np.float64(0.89), np.float64(0.89), np.float64(0.89), np.float64(0.89), np.float64(0.89), np.float64(0.89), np.float64(0.89), np.float64(0.89), np.float64(0.89)]","[np.float64(0.032), np.float64(0.02)]","[np.float64(1.0), np.float64(1.0), np.float64(0.22), np.float64(0.11)]",1.0,1.0,0.22,0.11,"psych_curve(xdata=array([-70.,  70.]), ydata=[np.float64(0.297), np.float64(0.95)], fit=[np.float64(nan), np.float64(nan), np.float64(nan), np.float64(nan), np.float64(nan), np.float64(nan), np.float64(nan), np.float64(nan), np.float64(nan), np.float64(nan), np.float64(nan), np.float64(nan), np.float64(nan), np.float64(nan), np.float64(nan), np.float64(nan), np.float64(nan), np.float64(nan), np.float64(nan), np.float64(nan), np.float64(nan), np.float64(nan), np.float64(nan), np.float64(nan), np.float64(nan), np.float64(nan), np.float64(nan), np.float64(nan), np.float64(nan), np.float64(nan), np.float64(nan), np.float64(nan), np.float64(nan), np.float64(nan), np.float64(nan), np.float64(nan), np.float64(nan), np.float64(nan), np.float64(nan), np.float64(nan), np.float64(nan), np.float64(nan), np.float64(nan), np.float64(nan), np.float64(nan), np.float64(nan), np.float64(nan), np.float64(nan), np.float64(nan), np.float64(nan), np.float64(nan), np.float64(nan), np.float64(nan), np.float64(nan), np.float64(nan), np.float64(nan), np.float64(nan), np.float64(nan), np.float64(nan), np.float64(nan), np.float64(nan), np.float64(nan), np.float64(nan), np.float64(nan), np.float64(nan), np.float64(nan), np.float64(nan), np.float64(nan), np.float64(nan), np.float64(nan), np.float64(nan), np.float64(nan), np.float64(nan), np.float64(nan), np.float64(nan), np.float64(nan), np.float64(nan), np.float64(nan), np.float64(nan), np.float64(nan), np.float64(nan), np.float64(nan), np.float64(nan), np.float64(nan), np.float64(nan), np.float64(nan), np.float64(nan), np.float64(nan), np.float64(nan), np.float64(nan), np.float64(nan), np.float64(nan), np.float64(nan), np.float64(nan), np.float64(nan), np.float64(nan), np.float64(nan), np.float64(nan), np.float64(nan), np.float64(nan)], params=[np.float64(1.0), np.float64(1.0), np.float64(0.3), np.float64(0.05)], fit_error=[np.float64(0.039), np.float64(0.017)])",[-70.  70.],"[np.float64(0.224), np.float64(0.891)]","[np.float64(0.22), np.float64(0.22), np.float64(0.22), np.float64(0.22), np.float64(0.22), np.float64(0.22), np.float64(0.22), np.float64(0.22), np.float64(0.22), np.float64(0.22), np.float64(0.22), np.float64(0.22), np.float64(0.22), np.float64(0.22), np.float64(0.22), np.float64(0.22), np.float64(0.22), np.float64(0.22), np.float64(0.22), np.float64(0.22), np.float64(0.22), np.float64(0.22), np.float64(0.22), np.float64(0.22), np.float64(0.22), np.float64(0.22), np.float64(0.22), np.float64(0.22), np.float64(0.22), np.float64(0.22), np.float64(0.22), np.float64(0.22), np.float64(0.22), np.float64(0.22), np.float64(0.22), np.float64(0.22), np.float64(0.22), np.float64(0.22), np.float64(0.22), np.float64(0.22), np.float64(0.22), np.float64(0.22), np.float64(0.22), np.float64(0.22), np.float64(0.22), np.float64(0.22), np.float64(0.222), np.float64(0.227), np.float64(0.248), np.float64(0.323), np.float64(0.506), np.float64(0.725), np.float64(0.841), np.float64(0.877), np.float64(0.887), np.float64(0.889), np.float64(0.89), np.float64(0.89), np.float64(0.89), np.float64(0.89), np.float64(0.89), np.float64(0.89), np.float64(0.89), np.float64(0.89), np.float64(0.89), np.float64(0.89), np.float64(0.89), np.float64(0.89), np.float64(0.89), np.float64(0.89), np.float64(0.89), np.float64(0.89), np.float64(0.89), np.float64(0.89), np.float64(0.89), np.float64(0.89), np.float64(0.89), np.float64(0.89), np.float64(0.89), np.float64(0.89), np.float64(0.89), np.float64(0.89), np.float64(0.89), np.float64(0.89), np.float64(0.89), np.float64(0.89), np.float64(0.89), np.float64(0.89), np.float64(0.89), np.float64(0.89), np.float64(0.89), np.float64(0.89), np.float64(0.89), np.float64(0.89), np.float64(0.89), np.float64(0.89), np.float64(0.89), np.float64(0.89), np.float64(0.89), np.float64(0.89)]","[np.float64(0.032), np.float64(0.02)]","[np.float64(1.0), np.float64(1.0), np.float64(0.3), np.float64(0.05)]",1.0,1.0,0.3,0.05,
2022-01-21,4,121,327,Bpod5,741,375,366,317,361,452,211,241,220,197,226,109,117,0.6099865047233468,0.5626666666666666,0.6584699453551912,678,320,358,324,143,181,0.45110410094637227,0.5013850415512465,304,152,152,0.4794952681388013,0.42105263157894735,0.6666666666666666,0.659375,0.6731843575418994,0.6666666666666666,0.01380935754189938,0.6790123456790124,0.6480263157894737,0.03098602988953869,0.47624457124880937,0.4502739498588743,63,55,8,0.08502024291497975,0.14666666666666667,0.02185792349726776,641,300,341,1602.5,750.0,852.5,1.0,0,0,0,0.0,,"psych_curve(xdata=array([-70.,  70.]), ydata=[np.float64(0.062), np.float64(0.953)], fit=[np.float64(0.06), np.float64(0.06), np.float64(0.06), np.float64(0.06), np.float64(0.06), np.float64(0.06), np.float64(0.06), np.float64(0.06), np.float64(0.06), np.float64(0.06), np.float64(0.06), np.float64(0.06), np.float64(0.06), np.float64(0.06), np.float64(0.06), np.float64(0.06), np.float64(0.06), np.float64(0.06), np.float64(0.06), np.float64(0.06), np.float64(0.06), np.float64(0.06), np.float64(0.06), np.float64(0.06), np.float64(0.06), np.float64(0.06), np.float64(0.06), np.float64(0.06), np.float64(0.06), np.float64(0.06), np.float64(0.06), np.float64(0.06), np.float64(0.06), np.float64(0.06), np.float64(0.06), np.float64(0.06), np.float64(0.06), np.float64(0.06), np.float64(0.06), np.float64(0.06), np.float64(0.06), np.float64(0.06), np.float64(0.06), np.float64(0.06), np.float64(0.06), np.float64(0.061), np.float64(0.062), np.float64(0.069), np.float64(0.098), np.float64(0.197), np.float64(0.44), np.float64(0.731), np.float64(0.885), np.float64(0.933), np.float64(0.946), np.float64(0.949), np.float64(0.95), np.float64(0.95), np.float64(0.95), np.float64(0.95), np.float64(0.95), np.float64(0.95), np.float64(0.95), np.float64(0.95), np.float64(0.95), np.float64(0.95), np.float64(0.95), np.float64(0.95), np.float64(0.95), np.float64(0.95), np.float64(0.95), np.float64(0.95), np.float64(0.95), np.float64(0.95), np.float64(0.95), np.float64(0.95), np.float64(0.95), np.float64(0.95), np.float64(0.95), np.float64(0.95), np.float64(0.95), np.float64(0.95), np.float64(0.95), np.float64(0.95), np.float64(0.95), np.float64(0.95), np.float64(0.95), np.float64(0.95), np.float64(0.95), np.float64(0.95), np.float64(0.95), np.float64(0.95), np.float64(0.95), np.float64(0.95), np.float64(0.95), np.float64(0.95), np.float64(0.95), np.float64(0.95), np.float64(0.95), np.float64(0.95)], params=[np.float64(1.0), np.float64(1.0), np.float64(0.06), np.float64(0.05)], fit_error=[np.float64(0.014), np.float64(0.011)])",[-70.  70.],"[np.float64(0.062), np.float64(0.953)]","[np.float64(0.06), np.float64(0.06), np.float64(0.06), np.float64(0.06), np.float64(0.06), np.float64(0.06), np.float64(0.06), np.float64(0.06), np.float64(0.06), np.float64(0.06), np.float64(0.06), np.float64(0.06), np.float64(0.06), np.float64(0.06), np.float64(0.06), np.float64(0.06), np.float64(0.06), np.float64(0.06), np.float64(0.06), np.float64(0.06), np.float64(0.06), np.float64(0.06), np.float64(0.06), np.float64(0.06), np.float64(0.06), np.float64(0.06), np.float64(0.06), np.float64(0.06), np.float64(0.06), np.float64(0.06), np.float64(0.06), np.float64(0.06), np.float64(0.06), np.float64(0.06), np.float64(0.06), np.float64(0.06), np.float64(0.06), np.float64(0.06), np.float64(0.06), np.float64(0.06), np.float64(0.06), np.float64(0.06), np.float64(0.06), np.float64(0.06), np.float64(0.06), np.float64(0.061), np.float64(0.062), np.float64(0.069), np.float64(0.098), np.float64(0.197), np.float64(0.44), np.float64(0.731), np.float64(0.885), np.float64(0.933), np.float64(0.946), np.float64(0.949), np.float64(0.95), np.float64(0.95), np.float64(0.95), np.float64(0.95), np.float64(0.95), np.float64(0.95), np.float64(0.95), np.float64(0.95), np.float64(0.95), np.float64(0.95), np.float64(0.95), np.float64(0.95), np.float64(0.95), np.float64(0.95), np.float64(0.95), np.float64(0.95), np.float64(0.95), np.float64(0.95), np.float64(0.95), np.float64(0.95), np.float64(0.95), np.float64(0.95), np.float64(0.95), np.float64(0.95), np.float64(0.95), np.float64(0.95), np.float64(0.95), np.float64(0.95), np.float64(0.95), np.float64(0.95), np.float64(0.95), np.float64(0.95), np.float64(0.95), np.float64(0.95), np.float64(0.95), np.float64(0.95), np.float64(0.95), np.float64(0.95), np.float64(0.95), np.float64(0.95), np.float64(0.95), np.float64(0.95), np.float64(0.95), np.float64(0.95)]","[np.float64(0.014), np.float64(0.011)]","[np.float64(1.0), np.float64(1.0), np.float64(0.06), np.float64(0.05)]",1.0,1.0,0.06,0.05,"psych_curve(xdata=array([-70.,  70.]), ydata=[np.float64(0.073), np.float64(0.968)], fit=[np.float64(nan), np.float64(nan), np.float64(nan), np.float64(nan), np.float64(nan), np.float64(nan), np.float64(nan), np.float64(nan), np.float64(nan), np.float64(nan), np.float64(nan), np.float64(nan), np.float64(nan), np.float64(nan), np.float64(nan), np.float64(nan), np.float64(nan), np.float64(nan), np.float64(nan), np.float64(nan), np.float64(nan), np.float64(nan), np.float64(nan), np.float64(nan), np.float64(nan), np.float64(nan), np.float64(nan), np.float64(nan), np.float64(nan), np.float64(nan), np.float64(nan), np.float64(nan), np.float64(nan), np.float64(nan), np.float64(nan), np.float64(nan), np.float64(nan), np.float64(nan), np.float64(nan), np.float64(nan), np.float64(nan), np.float64(nan), np.float64(nan), np.float64(nan), np.float64(nan), np.float64(nan), np.float64(nan), np.float64(nan), np.float64(nan), np.float64(nan), np.float64(nan), np.float64(nan), np.float64(nan), np.float64(nan), np.float64(nan), np.float64(nan), np.float64(nan), np.float64(nan), np.float64(nan), np.float64(nan), np.float64(nan), np.float64(nan), np.float64(nan), np.float64(nan), np.float64(nan), np.float64(nan), np.float64(nan), np.float64(nan), np.float64(nan), np.float64(nan), np.float64(nan), np.float64(nan), np.float64(nan), np.float64(nan), np.float64(nan), np.float64(nan), np.float64(nan), np.float64(nan), np.float64(nan), np.float64(nan), np.float64(nan), np.float64(nan), np.float64(nan), np.float64(nan), np.float64(nan), np.float64(nan), np.float64(nan), np.float64(nan), np.float64(nan), np.float64(nan), np.float64(nan), np.float64(nan), np.float64(nan), np.float64(nan), np.float64(nan), np.float64(nan), np.float64(nan), np.float64(nan), np.float64(nan), np.float64(nan)], params=[np.float64(1.0), np.float64(1.0), np.float64(0.07), np.float64(0.03)], fit_error=[np.float64(0.015), np.float64(0.01)])",[-70.  70.],"[np.float64(0.062), np.float64(0.953)]","[np.float64(0.06), np.float64(0.06), np.float64(0.06), np.float64(0.06), np.float64(0.06), np.float64(0.06), np.float64(0.06), np.float64(0.06), np.float64(0.06), np.float64(0.06), np.float64(0.06), np.float64(0.06), np.float64(0.06), np.float64(0.06), np.float64(0.06), np.float64(0.06), np.float64(0.06), np.float64(0.06), np.float64(0.06), np.float64(0.06), np.float64(0.06), np.float64(0.06), np.float64(0.06), np.float64(0.06), np.float64(0.06), np.float64(0.06), np.float64(0.06), np.float64(0.06), np.float64(0.06), np.float64(0.06), np.float64(0.06), np.float64(0.06), np.float64(0.06), np.float64(0.06), np.float64(0.06), np.float64(0.06), np.float64(0.06), np.float64(0.06), np.float64(0.06), np.float64(0.06), np.float64(0.06), np.float64(0.06), np.float64(0.06), np.float64(0.06), np.float64(0.06), np.float64(0.061), np.float64(0.062), np.float64(0.069), np.float64(0.098), np.float64(0.197), np.float64(0.44), np.float64(0.731), np.float64(0.885), np.float64(0.933), np.float64(0.946), np.float64(0.949), np.float64(0.95), np.float64(0.95), np.float64(0.95), np.float64(0.95), np.float64(0.95), np.float64(0.95), np.float64(0.95), np.float64(0.95), np.float64(0.95), np.float64(0.95), np.float64(0.95), np.float64(0.95), np.float64(0.95), np.float64(0.95), np.float64(0.95), np.float64(0.95), np.float64(0.95), np.float64(0.95), np.float64(0.95), np.float64(0.95), np.float64(0.95), np.float64(0.95), np.float64(0.95), np.float64(0.95), np.float64(0.95), np.float64(0.95), np.float64(0.95), np.float64(0.95), np.float64(0.95), np.float64(0.95), np.float64(0.95), np.float64(0.95), np.float64(0.95), np.float64(0.95), np.float64(0.95), np.float64(0.95), np.float64(0.95), np.float64(0.95), np.float64(0.95), np.float64(0.95), np.float64(0.95), np.float64(0.95), np.float64(0.95), np.float64(0.95)]","[np.float64(0.014), np.float64(0.011)]","[np.float64(1.0), np.float64(1.0), np.float64(0.07), np.float64(0.03)]",1.0,1.0,0.07,0.03,
2022-01-24,0,124,327,Bpod5,509,226,283,95,378,349,72,277,218,107,124,119,5,0.6856581532416502,0.3185840707964602,0.9787985865724381,473,191,282,308,22,286,0.23157894736842105,0.7566137566137566,134,66,68,0.6947368421052632,0.17989417989417988,0.7378435517970402,0.3769633507853403,0.9822695035460993,0.7378435517970402,0.605306152760759,0.7077922077922078,0.7985074626865671,-0.09071525489435939,0.4940963519910888,0.43731551099972155,36,35,1,0.07072691552062868,0.15486725663716813,0.0035335689045936395,371,92,279,927.5,230.0,697.5,1.0,0,0,0,0.0,,"psych_curve(xdata=array([-70.,  70.]), ydata=[np.float64(0.518), np.float64(0.989)], fit=[np.float64(0.52), np.float64(0.52), np.float64(0.52), np.float64(0.52), np.float64(0.52), np.float64(0.52), np.float64(0.52), np.float64(0.52), np.float64(0.52), np.float64(0.52), np.float64(0.52), np.float64(0.52), np.float64(0.52), np.float64(0.52), np.float64(0.52), np.float64(0.52), np.float64(0.52), np.float64(0.52), np.float64(0.52), np.float64(0.52), np.float64(0.52), np.float64(0.52), np.float64(0.52), np.float64(0.52), np.float64(0.52), np.float64(0.52), np.float64(0.52), np.float64(0.52), np.float64(0.52), np.float64(0.52), np.float64(0.52), np.float64(0.52), np.float64(0.52), np.float64(0.52), np.float64(0.52), np.float64(0.52), np.float64(0.52), np.float64(0.52), np.float64(0.52), np.float64(0.52), np.float64(0.52), np.float64(0.52), np.float64(0.52), np.float64(0.52), np.float64(0.52), np.float64(0.52), np.float64(0.521), np.float64(0.525), np.float64(0.54), np.float64(0.592), np.float64(0.721), np.float64(0.874), np.float64(0.955), np.float64(0.981), np.float64(0.988), np.float64(0.989), np.float64(0.99), np.float64(0.99), np.float64(0.99), np.float64(0.99), np.float64(0.99), np.float64(0.99), np.float64(0.99), np.float64(0.99), np.float64(0.99), np.float64(0.99), np.float64(0.99), np.float64(0.99), np.float64(0.99), np.float64(0.99), np.float64(0.99), np.float64(0.99), np.float64(0.99), np.float64(0.99), np.float64(0.99), np.float64(0.99), np.float64(0.99), np.float64(0.99), np.float64(0.99), np.float64(0.99), np.float64(0.99), np.float64(0.99), np.float64(0.99), np.float64(0.99), np.float64(0.99), np.float64(0.99), np.float64(0.99), np.float64(0.99), np.float64(0.99), np.float64(0.99), np.float64(0.99), np.float64(0.99), np.float64(0.99), np.float64(0.99), np.float64(0.99), np.float64(0.99), np.float64(0.99), np.float64(0.99), np.float64(0.99), np.float64(0.99)], params=[np.float64(1.0), np.float64(1.0), np.float64(0.52), np.float64(0.01)], fit_error=[np.float64(0.036), np.float64(0.006)])",[-70.  70.],"[np.float64(0.518), np.float64(0.989)]","[np.float64(0.52), np.float64(0.52), np.float64(0.52), np.float64(0.52), np.float64(0.52), np.float64(0.52), np.float64(0.52), np.float64(0.52), np.float64(0.52), np.float64(0.52), np.float64(0.52), np.float64(0.52), np.float64(0.52), np.float64(0.52), np.float64(0.52), np.float64(0.52), np.float64(0.52), np.float64(0.52), np.float64(0.52), np.float64(0.52), np.float64(0.52), np.float64(0.52), np.float64(0.52), np.float64(0.52), np.float64(0.52), np.float64(0.52), np.float64(0.52), np.float64(0.52), np.float64(0.52), np.float64(0.52), np.float64(0.52), np.float64(0.52), np.float64(0.52), np.float64(0.52), np.float64(0.52), np.float64(0.52), np.float64(0.52), np.float64(0.52), np.float64(0.52), np.float64(0.52), np.float64(0.52), np.float64(0.52), np.float64(0.52), np.float64(0.52), np.float64(0.52), np.float64(0.52), np.float64(0.521), np.float64(0.525), np.float64(0.54), np.float64(0.592), np.float64(0.721), np.float64(0.874), np.float64(0.955), np.float64(0.981), np.float64(0.988), np.float64(0.989), np.float64(0.99), np.float64(0.99), np.float64(0.99), np.float64(0.99), np.float64(0.99), np.float64(0.99), np.float64(0.99), np.float64(0.99), np.float64(0.99), np.float64(0.99), np.float64(0.99), np.float64(0.99), np.float64(0.99), np.float64(0.99), np.float64(0.99), np.float64(0.99), np.float64(0.99), np.float64(0.99), np.float64(0.99), np.float64(0.99), np.float64(0.99), np.float64(0.99), np.float64(0.99), np.float64(0.99), np.float64(0.99), np.float64(0.99), np.float64(0.99), np.float64(0.99), np.float64(0.99), np.float64(0.99), np.float64(0.99), np.float64(0.99), np.float64(0.99), np.float64(0.99), np.float64(0.99), np.float64(0.99), np.float64(0.99), np.float64(0.99), np.float64(0.99), np.float64(0.99), np.float64(0.99), np.float64(0.99), np.float64(0.99), np.float64(0.99)]","[np.float64(0.036), np.float64(0.006)]","[np.float64(1.0), np.float64(1.0), np.float64(0.52), np.float64(0.01)]",1.0,1.0,0.52,0.01,"psych_curve(xdata=array([-70.,  70.]), ydata=[np.float64(0.406), np.float64(0.942)], fit=[np.float64(nan), np.float64(nan), np.float64(nan), np.float64(nan), np.float64(nan), np.float64(nan), np.float64(nan), np.float64(nan), np.float64(nan), np.float64(nan), np.float64(nan), np.float64(nan), np.float64(nan), np.float64(nan), np.float64(nan), np.float64(nan), np.float64(nan), np.float64(nan), np.float64(nan), np.float64(nan), np.float64(nan), np.float64(nan), np.float64(nan), np.float64(nan), np.float64(nan), np.float64(nan), np.float64(nan), np.float64(nan), np.float64(nan), np.float64(nan), np.float64(nan), np.float64(nan), np.float64(nan), np.float64(nan), np.float64(nan), np.float64(nan), np.float64(nan), np.float64(nan), np.float64(nan), np.float64(nan), np.float64(nan), np.float64(nan), np.float64(nan), np.float64(nan), np.float64(nan), np.float64(nan), np.float64(nan), np.float64(nan), np.float64(nan), np.float64(nan), np.float64(nan), np.float64(nan), np.float64(nan), np.float64(nan), np.float64(nan), np.float64(nan), np.float64(nan), np.float64(nan), np.float64(nan), np.float64(nan), np.float64(nan), np.float64(nan), np.float64(nan), np.float64(nan), np.float64(nan), np.float64(nan), np.float64(nan), np.float64(nan), np.float64(nan), np.float64(nan), np.float64(nan), np.float64(nan), np.float64(nan), np.float64(nan), np.float64(nan), np.float64(nan), np.float64(nan), np.float64(nan), np.float64(nan), np.float64(nan), np.float64(nan), np.float64(nan), np.float64(nan), np.float64(nan), np.float64(nan), np.float64(nan), np.float64(nan), np.float64(nan), np.float64(nan), np.float64(nan), np.float64(nan), np.float64(nan), np.float64(nan), np.float64(nan), np.float64(nan), np.float64(nan), np.float64(nan), np.float64(nan), np.float64(nan), np.float64(nan)], params=[np.float64(1.0), np.float64(1.0), np.float64(0.41), np.float64(0.06)], fit_error=[np.float64(0.035), np.float64(0.015)])",[-70.  70.],"[np.float64(0.518), np.float64(0.989)]","[np.float64(0.52), np.float64(0.52), np.float64(0.52), np.float64(0.52), np.float64(0.52), np.float64(0.52), np.float64(0.52), np.float64(0.52), np.float64(0.52), np.float64(0.52), np.float64(0.52), np.float64(0.52), np.float64(0.52), np.float64(0.52), np.float64(0.52), np.float64(0.52), np.float64(0.52), np.float64(0.52), np.float64(0.52), np.float64(0.52), np.float64(0.52), np.float64(0.52), np.float64(0.52), np.float64(0.52), np.float64(0.52), np.float64(0.52), np.float64(0.52), np.float64(0.52), np.float64(0.52), np.float64(0.52), np.float64(0.52), np.float64(0.52), np.float64(0.52), np.float64(0.52), np.float64(0.52), np.float64(0.52), np.float64(0.52), np.float64(0.52), np.float64(0.52), np.float64(0.52), np.float64(0.52), np.float64(0.52), np.float64(0.52), np.float64(0.52), np.float64(0.52), np.float64(0.52), np.float64(0.521), np.float64(0.525), np.float64(0.54), np.float64(0.592), np.float64(0.721), np.float64(0.874), np.float64(0.955), np.float64(0.981), np.float64(0.988), np.float64(0.989), np.float64(0.99), np.float64(0.99), np.float64(0.99), np.float64(0.99), np.float64(0.99), np.float64(0.99), np.float64(0.99), np.float64(0.99), np.float64(0.99), np.float64(0.99), np.float64(0.99), np.float64(0.99), np.float64(0.99), np.float64(0.99), np.float64(0.99), np.float64(0.99), np.float64(0.99), np.float64(0.99), np.float64(0.99), np.float64(0.99), np.float64(0.99), np.float64(0.99), np.float64(0.99), np.float64(0.99), np.float64(0.99), np.float64(0.99), np.float64(0.99), np.float64(0.99), np.float64(0.99), np.float64(0.99), np.float64(0.99), np.float64(0.99), np.float64(0.99), np.float64(0.99), np.float64(0.99), np.float64(0.99), np.float64(0.99), np.float64(0.99), np.float64(0.99), np.float64(0.99), np.float64(0.99), np.float64(0.99), np.float64(0.99), np.float64(0.99)]","[np.float64(0.036), np.float64(0.006)]","[np.float64(1.0), np.float64(1.0), np.float64(0.41), np.float64(0.06)]",1.0,1.0,0.41,0.06,
2022-01-25,1,125,327,Bpod5,696,363,333,364,190,353,211,142,229,78,201,57,144,0.507183908045977,0.581267217630854,0.4264264264264264,554,268,286,373,243,130,0.6675824175824175,0.6842105263157895,94,47,47,0.12912087912087913,0.24736842105263157,0.6371841155234657,0.7873134328358209,0.4965034965034965,0.6371841155234657,-0.2908099363323244,0.613941018766756,0.8297872340425532,-0.21584621527579717,0.6758964719491035,0.18824465008675534,142,95,47,0.20402298850574713,0.26170798898071623,0.14114114114114115,364,221,143,910.0,552.5,357.5,1.0,0,0,0,0.0,,"psych_curve(xdata=array([-70.,  70.]), ydata=[np.float64(0.175), np.float64(0.5)], fit=[np.float64(0.17), np.float64(0.17), np.float64(0.17), np.float64(0.17), np.float64(0.17), np.float64(0.17), np.float64(0.17), np.float64(0.17), np.float64(0.17), np.float64(0.17), np.float64(0.17), np.float64(0.17), np.float64(0.17), np.float64(0.17), np.float64(0.17), np.float64(0.17), np.float64(0.17), np.float64(0.17), np.float64(0.17), np.float64(0.17), np.float64(0.17), np.float64(0.17), np.float64(0.17), np.float64(0.17), np.float64(0.17), np.float64(0.17), np.float64(0.17), np.float64(0.17), np.float64(0.17), np.float64(0.17), np.float64(0.17), np.float64(0.17), np.float64(0.17), np.float64(0.17), np.float64(0.17), np.float64(0.17), np.float64(0.17), np.float64(0.17), np.float64(0.17), np.float64(0.17), np.float64(0.17), np.float64(0.17), np.float64(0.17), np.float64(0.17), np.float64(0.17), np.float64(0.17), np.float64(0.171), np.float64(0.174), np.float64(0.184), np.float64(0.221), np.float64(0.311), np.float64(0.419), np.float64(0.476), np.float64(0.494), np.float64(0.498), np.float64(0.5), np.float64(0.5), np.float64(0.5), np.float64(0.5), np.float64(0.5), np.float64(0.5), np.float64(0.5), np.float64(0.5), np.float64(0.5), np.float64(0.5), np.float64(0.5), np.float64(0.5), np.float64(0.5), np.float64(0.5), np.float64(0.5), np.float64(0.5), np.float64(0.5), np.float64(0.5), np.float64(0.5), np.float64(0.5), np.float64(0.5), np.float64(0.5), np.float64(0.5), np.float64(0.5), np.float64(0.5), np.float64(0.5), np.float64(0.5), np.float64(0.5), np.float64(0.5), np.float64(0.5), np.float64(0.5), np.float64(0.5), np.float64(0.5), np.float64(0.5), np.float64(0.5), np.float64(0.5), np.float64(0.5), np.float64(0.5), np.float64(0.5), np.float64(0.5), np.float64(0.5), np.float64(0.5), np.float64(0.5), np.float64(0.5), np.float64(0.5)], params=[np.float64(1.0), np.float64(1.0), np.float64(0.17), np.float64(0.5)], fit_error=[np.float64(0.023), np.float64(0.03)])",[-70.  70.],"[np.float64(0.175), np.float64(0.5)]","[np.float64(0.17), np.float64(0.17), np.float64(0.17), np.float64(0.17), np.float64(0.17), np.float64(0.17), np.float64(0.17), np.float64(0.17), np.float64(0.17), np.float64(0.17), np.float64(0.17), np.float64(0.17), np.float64(0.17), np.float64(0.17), np.float64(0.17), np.float64(0.17), np.float64(0.17), np.float64(0.17), np.float64(0.17), np.float64(0.17), np.float64(0.17), np.float64(0.17), np.float64(0.17), np.float64(0.17), np.float64(0.17), np.float64(0.17), np.float64(0.17), np.float64(0.17), np.float64(0.17), np.float64(0.17), np.float64(0.17), np.float64(0.17), np.float64(0.17), np.float64(0.17), np.float64(0.17), np.float64(0.17), np.float64(0.17), np.float64(0.17), np.float64(0.17), np.float64(0.17), np.float64(0.17), np.float64(0.17), np.float64(0.17), np.float64(0.17), np.float64(0.17), np.float64(0.17), np.float64(0.171), np.float64(0.174), np.float64(0.184), np.float64(0.221), np.float64(0.311), np.float64(0.419), np.float64(0.476), np.float64(0.494), np.float64(0.498), np.float64(0.5), np.float64(0.5), np.float64(0.5), np.float64(0.5), np.float64(0.5), np.float64(0.5), np.float64(0.5), np.float64(0.5), np.float64(0.5), np.float64(0.5), np.float64(0.5), np.float64(0.5), np.float64(0.5), np.float64(0.5), np.float64(0.5), np.float64(0.5), np.float64(0.5), np.float64(0.5), np.float64(0.5), np.float64(0.5), np.float64(0.5), np.float64(0.5), np.float64(0.5), np.float64(0.5), np.float64(0.5), np.float64(0.5), np.float64(0.5), np.float64(0.5), np.float64(0.5), np.float64(0.5), np.float64(0.5), np.float64(0.5), np.float64(0.5), np.float64(0.5), np.float64(0.5), np.float64(0.5), np.float64(0.5), np.float64(0.5), np.float64(0.5), np.float64(0.5), np.float64(0.5), np.float64(0.5), np.float64(0.5), np.float64(0.5), np.float64(0.5)]","[np.float64(0.023), np.float64(0.03)]","[np.float64(1.0), np.float64(1.0), np.float64(0.17), np.float64(0.5)]",1.0,1.0,0.17,0.5,"psych_curve(xdata=array([-70.,  70.]), ydata=[np.float64(0.619), np.float64(0.975)], fit=[np.float64(nan), np.float64(nan), np.float64(nan), np.float64(nan), np.float64(nan), np.float64(nan), np.float64(nan), np.float64(nan), np.float64(nan), np.float64(nan), np.float64(nan), np.float64(nan), np.float64(nan), np.float64(nan), np.float64(nan), np.float64(nan), np.float64(nan), np.float64(nan), np.float64(nan), np.float64(nan), np.float64(nan), np.float64(nan), np.float64(nan), np.float64(nan), np.float64(nan), np.float64(nan), np.float64(nan), np.float64(nan), np.float64(nan), np.float64(nan), np.float64(nan), np.float64(nan), np.float64(nan), np.float64(nan), np.float64(nan), np.float64(nan), np.float64(nan), np.float64(nan), np.float64(nan), np.float64(nan), np.float64(nan), np.float64(nan), np.float64(nan), np.float64(nan), np.float64(nan), np.float64(nan), np.float64(nan), np.float64(nan), np.float64(nan), np.float64(nan), np.float64(nan), np.float64(nan), np.float64(nan), np.float64(nan), np.float64(nan), np.float64(nan), np.float64(nan), np.float64(nan), np.float64(nan), np.float64(nan), np.float64(nan), np.float64(nan), np.float64(nan), np.float64(nan), np.float64(nan), np.float64(nan), np.float64(nan), np.float64(nan), np.float64(nan), np.float64(nan), np.float64(nan), np.float64(nan), np.float64(nan), np.float64(nan), np.float64(nan), np.float64(nan), np.float64(nan), np.float64(nan), np.float64(nan), np.float64(nan), np.float64(nan), np.float64(nan), np.float64(nan), np.float64(nan), np.float64(nan), np.float64(nan), np.float64(nan), np.float64(nan), np.float64(nan), np.float64(nan), np.float64(nan), np.float64(nan), np.float64(nan), np.float64(nan), np.float64(nan), np.float64(nan), np.float64(nan), np.float64(nan), np.float64(nan), np.float64(nan)], params=[np.float64(1.0), np.float64(1.0), np.float64(0.62), np.float64(0.03)], fit_error=[np.float64(0.032), np.float64(0.01)])",[-70.  70.],"[np.float64(0.175), np.float64(0.5)]","[np.float64(0.17), np.float64(0.17), np.float64(0.17), np.float64(0.17), np.float64(0.17), np.float64(0.17), np.float64(0.17), np.float64(0.17), np.float64(0.17), np.float64(0.17), np.float64(0.17), np.float64(0.17), np.float64(0.17), np.float64(0.17), np.float64(0.17), np.float64(0.17), np.float64(0.17), np.float64(0.17), np.float64(0.17), np.float64(0.17), np.float64(0.17), np.float64(0.17), np.float64(0.17), np.float64(0.17), np.float64(0.17), np.float64(0.17), np.float64(0.17), np.float64(0.17), np.float64(0.17), np.float64(0.17), np.float64(0.17), np.float64(0.17), np.float64(0.17), np.float64(0.17), np.float64(0.17), np.float64(0.17), np.float64(0.17), np.float64(0.17), np.float64(0.17), np.float64(0.17), np.float64(0.17), np.float64(0.17), np.float64(0.17), np.float64(0.17), np.float64(0.17), np.float64(0.17), np.float64(0.171), np.float64(0.174), np.float64(0.184), np.float64(0.221), np.float64(0.311), np.float64(0.419), np.float64(0.476), np.float64(0.494), np.float64(0.498), np.float64(0.5), np.float64(0.5), np.float64(0.5), np.float64(0.5), np.float64(0.5), np.float64(0.5), np.float64(0.5), np.float64(0.5), np.float64(0.5), np.float64(0.5), np.float64(0.5), np.float64(0.5), np.float64(0.5), np.float64(0.5), np.float64(0.5), np.float64(0.5), np.float64(0.5), np.float64(0.5), np.float64(0.5), np.float64(0.5), np.float64(0.5), np.float64(0.5), np.float64(0.5), np.float64(0.5), np.float64(0.5), np.float64(0.5), np.float64(0.5), np.float64(0.5), np.float64(0.5), np.float64(0.5), np.float64(0.5), np.float64(0.5), np.float64(0.5), np.float64(0.5), np.float64(0.5), np.float64(0.5), np.float64(0.5), np.float64(0.5), np.float64(0.5), np.float64(0.5), np.float64(0.5), np.float64(0.5), np.float64(0.5), np.float64(0.5), np.float64(0.5)]","[np.float64(0.023), np.float64(0.03)]","[np.float64(1.0), np.float64(1.0), np.float64(0.62), np.float64(0.03)]",1.0,1.0,0.62,0.03,
2022-01-26,2,126,327,Bpod5,728,362,366,197,467,523,179,344,317,163,141,129,12,0.7184065934065934,0.494475138121547,0.9398907103825137,664,308,356,441,97,344,0.49238578680203043,0.7366167023554604,177,89,88,0.4517766497461929,0.18843683083511778,0.7876506024096386,0.5811688311688312,0.9662921348314607,0.7876506024096386,0.3851233036626295,0.7188208616780045,0.9209039548022598,-0.20208309312425532,0.6145012445787454,0.32010674029065533,64,54,10,0.08791208791208792,0.14917127071823205,0.0273224043715847,529,185,344,1322.5,462.5,860.0,1.0,0,0,0,0.0,,"psych_curve(xdata=array([-70.,  70.]), ydata=[np.float64(0.399), np.float64(0.966)], fit=[np.float64(0.4), np.float64(0.4), np.float64(0.4), np.float64(0.4), np.float64(0.4), np.float64(0.4), np.float64(0.4), np.float64(0.4), np.float64(0.4), np.float64(0.4), np.float64(0.4), np.float64(0.4), np.float64(0.4), np.float64(0.4), np.float64(0.4), np.float64(0.4), np.float64(0.4), np.float64(0.4), np.float64(0.4), np.float64(0.4), np.float64(0.4), np.float64(0.4), np.float64(0.4), np.float64(0.4), np.float64(0.4), np.float64(0.4), np.float64(0.4), np.float64(0.4), np.float64(0.4), np.float64(0.4), np.float64(0.4), np.float64(0.4), np.float64(0.4), np.float64(0.4), np.float64(0.4), np.float64(0.4), np.float64(0.4), np.float64(0.4), np.float64(0.4), np.float64(0.4), np.float64(0.4), np.float64(0.4), np.float64(0.4), np.float64(0.4), np.float64(0.4), np.float64(0.4), np.float64(0.401), np.float64(0.406), np.float64(0.424), np.float64(0.488), np.float64(0.644), np.float64(0.83), np.float64(0.928), np.float64(0.959), np.float64(0.967), np.float64(0.969), np.float64(0.97), np.float64(0.97), np.float64(0.97), np.float64(0.97), np.float64(0.97), np.float64(0.97), np.float64(0.97), np.float64(0.97), np.float64(0.97), np.float64(0.97), np.float64(0.97), np.float64(0.97), np.float64(0.97), np.float64(0.97), np.float64(0.97), np.float64(0.97), np.float64(0.97), np.float64(0.97), np.float64(0.97), np.float64(0.97), np.float64(0.97), np.float64(0.97), np.float64(0.97), np.float64(0.97), np.float64(0.97), np.float64(0.97), np.float64(0.97), np.float64(0.97), np.float64(0.97), np.float64(0.97), np.float64(0.97), np.float64(0.97), np.float64(0.97), np.float64(0.97), np.float64(0.97), np.float64(0.97), np.float64(0.97), np.float64(0.97), np.float64(0.97), np.float64(0.97), np.float64(0.97), np.float64(0.97), np.float64(0.97), np.float64(0.97)], params=[np.float64(1.0), np.float64(1.0), np.float64(0.4), np.float64(0.03)], fit_error=[np.float64(0.028), np.float64(0.01)])",[-70.  70.],"[np.float64(0.399), np.float64(0.966)]","[np.float64(0.4), np.float64(0.4), np.float64(0.4), np.float64(0.4), np.float64(0.4), np.float64(0.4), np.float64(0.4), np.float64(0.4), np.float64(0.4), np.float64(0.4), np.float64(0.4), np.float64(0.4), np.float64(0.4), np.float64(0.4), np.float64(0.4), np.float64(0.4), np.float64(0.4), np.float64(0.4), np.float64(0.4), np.float64(0.4), np.float64(0.4), np.float64(0.4), np.float64(0.4), np.float64(0.4), np.float64(0.4), np.float64(0.4), np.float64(0.4), np.float64(0.4), np.float64(0.4), np.float64(0.4), np.float64(0.4), np.float64(0.4), np.float64(0.4), np.float64(0.4), np.float64(0.4), np.float64(0.4), np.float64(0.4), np.float64(0.4), np.float64(0.4), np.float64(0.4), np.float64(0.4), np.float64(0.4), np.float64(0.4), np.float64(0.4), np.float64(0.4), np.float64(0.4), np.float64(0.401), np.float64(0.406), np.float64(0.424), np.float64(0.488), np.float64(0.644), np.float64(0.83), np.float64(0.928), np.float64(0.959), np.float64(0.967), np.float64(0.969), np.float64(0.97), np.float64(0.97), np.float64(0.97), np.float64(0.97), np.float64(0.97), np.float64(0.97), np.float64(0.97), np.float64(0.97), np.float64(0.97), np.float64(0.97), np.float64(0.97), np.float64(0.97), np.float64(0.97), np.float64(0.97), np.float64(0.97), np.float64(0.97), np.float64(0.97), np.float64(0.97), np.float64(0.97), np.float64(0.97), np.float64(0.97), np.float64(0.97), np.float64(0.97), np.float64(0.97), np.float64(0.97), np.float64(0.97), np.float64(0.97), np.float64(0.97), np.float64(0.97), np.float64(0.97), np.float64(0.97), np.float64(0.97), np.float64(0.97), np.float64(0.97), np.float64(0.97), np.float64(0.97), np.float64(0.97), np.float64(0.97), np.float64(0.97), np.float64(0.97), np.float64(0.97), np.float64(0.97), np.float64(0.97), np.float64(0.97)]","[np.float64(0.028), np.float64(0.01)]","[np.float64(1.0), np.float64(1.0), np.float64(0.4), np.float64(0.03)]",1.0,1.0,0.4,0.03,"psych_curve(xdata=array([-70.,  70.]), ydata=[np.float64(0.423), np.float64(0.975)], fit=[np.float64(nan), np.float64(nan), np.float64(nan), np.float64(nan), np.float64(nan), np.float64(nan), np.float64(nan), np.float64(nan), np.float64(nan), np.float64(nan), np.float64(nan), np.float64(nan), np.float64(nan), np.float64(nan), np.float64(nan), np.float64(nan), np.float64(nan), np.float64(nan), np.float64(nan), np.float64(nan), np.float64(nan), np.float64(nan), np.float64(nan), np.float64(nan), np.float64(nan), np.float64(nan), np.float64(nan), np.float64(nan), np.float64(nan), np.float64(nan), np.float64(nan), np.float64(nan), np.float64(nan), np.float64(nan), np.float64(nan), np.float64(nan), np.float64(nan), np.float64(nan), np.float64(nan), np.float64(nan), np.float64(nan), np.float64(nan), np.float64(nan), np.float64(nan), np.float64(nan), np.float64(nan), np.float64(nan), np.float64(nan), np.float64(nan), np.float64(nan), np.float64(nan), np.float64(nan), np.float64(nan), np.float64(nan), np.float64(nan), np.float64(nan), np.float64(nan), np.float64(nan), np.float64(nan), np.float64(nan), np.float64(nan), np.float64(nan), np.float64(nan), np.float64(nan), np.float64(nan), np.float64(nan), np.float64(nan), np.float64(nan), np.float64(nan), np.float64(nan), np.float64(nan), np.float64(nan), np.float64(nan), np.float64(nan), np.float64(nan), np.float64(nan), np.float64(nan), np.float64(nan), np.float64(nan), np.float64(nan), np.float64(nan), np.float64(nan), np.float64(nan), np.float64(nan), np.float64(nan), np.float64(nan), np.float64(nan), np.float64(nan), np.float64(nan), np.float64(nan), np.float64(nan), np.float64(nan), np.float64(nan), np.float64(nan), np.float64(nan), np.float64(nan), np.float64(nan), np.float64(nan), np.float64(nan), np.float64(nan)], params=[np.float64(1.0), np.float64(1.0), np.float64(0.42), np.float64(0.03)], fit_error=[np.float64(0.029), np.float64(0.009)])",[-70.  70.],"[np.float64(0.399), np.float64(0.966)]","[np.float64(0.4), np.float64(0.4), np.float64(0.4), np.float64(0.4), np.float64(0.4), np.float64(0.4), np.float64(0.4), np.float64(0.4), np.float64(0.4), np.float64(0.4), np.float64(0.4), np.float64(0.4), np.float64(0.4), np.float64(0.4), np.float64(0.4), np.float64(0.4), np.float64(0.4), np.float64(0.4), np.float64(0.4), np.float64(0.4), np.float64(0.4), np.float64(0.4), np.float64(0.4), np.float64(0.4), np.float64(0.4), np.float64(0.4), np.float64(0.4), np.float64(0.4), np.float64(0.4), np.float64(0.4), np.float64(0.4), np.float64(0.4), np.float64(0.4), np.float64(0.4), np.float64(0.4), np.float64(0.4), np.float64(0.4), np.float64(0.4), np.float64(0.4), np.float64(0.4), np.float64(0.4), np.float64(0.4), np.float64(0.4), np.float64(0.4), np.float64(0.4), np.float64(0.4), np.float64(0.401), np.float64(0.406), np.float64(0.424), np.float64(0.488), np.float64(0.644), np.float64(0.83), np.float64(0.928), np.float64(0.959), np.float64(0.967), np.float64(0.969), np.float64(0.97), np.float64(0.97), np.float64(0.97), np.float64(0.97), np.float64(0.97), np.float64(0.97), np.float64(0.97), np.float64(0.97), np.float64(0.97), np.float64(0.97), np.float64(0.97), np.float64(0.97), np.float64(0.97), np.float64(0.97), np.float64(0.97), np.float64(0.97), np.float64(0.97), np.float64(0.97), np.float64(0.97), np.float64(0.97), np.float64(0.97), np.float64(0.97), np.float64(0.97), np.float64(0.97), np.float64(0.97), np.float64(0.97), np.float64(0.97), np.float64(0.97), np.float64(0.97), np.float64(0.97), np.float64(0.97), np.float64(0.97), np.float64(0.97), np.float64(0.97), np.float64(0.97), np.float64(0.97), np.float64(0.97), np.float64(0.97), np.float64(0.97), np.float64(0.97), np.float64(0.97), np.float64(0.97), np.float64(0.97), np.float64(0.97)]","[np.float64(0.028), np.float64(0.01)]","[np.float64(1.0), np.float64(1.0), np.float64(0.42), np.float64(0.03)]",1.0,1.0,0.42,0.03,
2022-01-27,3,127,327,Bpod5,812,414,398,343,413,705,323,382,365,301,51,36,15,0.8682266009852216,0.7801932367149759,0.9597989949748744,756,359,397,402,172,230,0.5014577259475219,0.5569007263922519,313,157,156,0.4577259475218659,0.37772397094430993,0.9325396825396826,0.8997214484679665,0.9622166246851386,0.9325396825396826,0.062495176217172044,0.9079601990049752,0.9616613418530351,-0.053701142848059935,0.5291792261698869,0.41772495923308794,56,55,1,0.06896551724137931,0.13285024154589373,0.002512562814070352,710,328,382,1775.0,820.0,955.0,1.0,0,0,0,0.0,,"psych_curve(xdata=array([-70.,  70.]), ydata=[np.float64(0.086), np.float64(0.962)], fit=[np.float64(0.09), np.float64(0.09), np.float64(0.09), np.float64(0.09), np.float64(0.09), np.float64(0.09), np.float64(0.09), np.float64(0.09), np.float64(0.09), np.float64(0.09), np.float64(0.09), np.float64(0.09), np.float64(0.09), np.float64(0.09), np.float64(0.09), np.float64(0.09), np.float64(0.09), np.float64(0.09), np.float64(0.09), np.float64(0.09), np.float64(0.09), np.float64(0.09), np.float64(0.09), np.float64(0.09), np.float64(0.09), np.float64(0.09), np.float64(0.09), np.float64(0.09), np.float64(0.09), np.float64(0.09), np.float64(0.09), np.float64(0.09), np.float64(0.09), np.float64(0.09), np.float64(0.09), np.float64(0.09), np.float64(0.09), np.float64(0.09), np.float64(0.09), np.float64(0.09), np.float64(0.09), np.float64(0.09), np.float64(0.09), np.float64(0.09), np.float64(0.09), np.float64(0.091), np.float64(0.092), np.float64(0.099), np.float64(0.127), np.float64(0.224), np.float64(0.462), np.float64(0.746), np.float64(0.896), np.float64(0.944), np.float64(0.956), np.float64(0.959), np.float64(0.96), np.float64(0.96), np.float64(0.96), np.float64(0.96), np.float64(0.96), np.float64(0.96), np.float64(0.96), np.float64(0.96), np.float64(0.96), np.float64(0.96), np.float64(0.96), np.float64(0.96), np.float64(0.96), np.float64(0.96), np.float64(0.96), np.float64(0.96), np.float64(0.96), np.float64(0.96), np.float64(0.96), np.float64(0.96), np.float64(0.96), np.float64(0.96), np.float64(0.96), np.float64(0.96), np.float64(0.96), np.float64(0.96), np.float64(0.96), np.float64(0.96), np.float64(0.96), np.float64(0.96), np.float64(0.96), np.float64(0.96), np.float64(0.96), np.float64(0.96), np.float64(0.96), np.float64(0.96), np.float64(0.96), np.float64(0.96), np.float64(0.96), np.float64(0.96), np.float64(0.96), np.float64(0.96), np.float64(0.96), np.float64(0.96)], params=[np.float64(1.0), np.float64(1.0), np.float64(0.09), np.float64(0.04)], fit_error=[np.float64(0.015), np.float64(0.01)])",[-70.  70.],"[np.float64(0.086), np.float64(0.962)]","[np.float64(0.09), np.float64(0.09), np.float64(0.09), np.float64(0.09), np.float64(0.09), np.float64(0.09), np.float64(0.09), np.float64(0.09), np.float64(0.09), np.float64(0.09), np.float64(0.09), np.float64(0.09), np.float64(0.09), np.float64(0.09), np.float64(0.09), np.float64(0.09), np.float64(0.09), np.float64(0.09), np.float64(0.09), np.float64(0.09), np.float64(0.09), np.float64(0.09), np.float64(0.09), np.float64(0.09), np.float64(0.09), np.float64(0.09), np.float64(0.09), np.float64(0.09), np.float64(0.09), np.float64(0.09), np.float64(0.09), np.float64(0.09), np.float64(0.09), np.float64(0.09), np.float64(0.09), np.float64(0.09), np.float64(0.09), np.float64(0.09), np.float64(0.09), np.float64(0.09), np.float64(0.09), np.float64(0.09), np.float64(0.09), np.float64(0.09), np.float64(0.09), np.float64(0.091), np.float64(0.092), np.float64(0.099), np.float64(0.127), np.float64(0.224), np.float64(0.462), np.float64(0.746), np.float64(0.896), np.float64(0.944), np.float64(0.956), np.float64(0.959), np.float64(0.96), np.float64(0.96), np.float64(0.96), np.float64(0.96), np.float64(0.96), np.float64(0.96), np.float64(0.96), np.float64(0.96), np.float64(0.96), np.float64(0.96), np.float64(0.96), np.float64(0.96), np.float64(0.96), np.float64(0.96), np.float64(0.96), np.float64(0.96), np.float64(0.96), np.float64(0.96), np.float64(0.96), np.float64(0.96), np.float64(0.96), np.float64(0.96), np.float64(0.96), np.float64(0.96), np.float64(0.96), np.float64(0.96), np.float64(0.96), np.float64(0.96), np.float64(0.96), np.float64(0.96), np.float64(0.96), np.float64(0.96), np.float64(0.96), np.float64(0.96), np.float64(0.96), np.float64(0.96), np.float64(0.96), np.float64(0.96), np.float64(0.96), np.float64(0.96), np.float64(0.96), np.float64(0.96), np.float64(0.96), np.float64(0.96)]","[np.float64(0.015), np.float64(0.01)]","[np.float64(1.0), np.float64(1.0), np.float64(0.09), np.float64(0.04)]",1.0,1.0,0.09,0.04,"psych_curve(xdata=array([-70.,  70.]), ydata=[np.float64(0.106), np.float64(0.976)], fit=[np.float64(nan), np.float64(nan), np.float64(nan), np.float64(nan), np.float64(nan), np.float64(nan), np.float64(nan), np.float64(nan), np.float64(nan), np.float64(nan), np.float64(nan), np.float64(nan), np.float64(nan), np.float64(nan), np.float64(nan), np.float64(nan), np.float64(nan), np.float64(nan), np.float64(nan), np.float64(nan), np.float64(nan), np.float64(nan), np.float64(nan), np.float64(nan), np.float64(nan), np.float64(nan), np.float64(nan), np.float64(nan), np.float64(nan), np.float64(nan), np.float64(nan), np.float64(nan), np.float64(nan), np.float64(nan), np.float64(nan), np.float64(nan), np.float64(nan), np.float64(nan), np.float64(nan), np.float64(nan), np.float64(nan), np.float64(nan), np.float64(nan), np.float64(nan), np.float64(nan), np.float64(nan), np.float64(nan), np.float64(nan), np.float64(nan), np.float64(nan), np.float64(nan), np.float64(nan), np.float64(nan), np.float64(nan), np.float64(nan), np.float64(nan), np.float64(nan), np.float64(nan), np.float64(nan), np.float64(nan), np.float64(nan), np.float64(nan), np.float64(nan), np.float64(nan), np.float64(nan), np.float64(nan), np.float64(nan), np.float64(nan), np.float64(nan), np.float64(nan), np.float64(nan), np.float64(nan), np.float64(nan), np.float64(nan), np.float64(nan), np.float64(nan), np.float64(nan), np.float64(nan), np.float64(nan), np.float64(nan), np.float64(nan), np.float64(nan), np.float64(nan), np.float64(nan), np.float64(nan), np.float64(nan), np.float64(nan), np.float64(nan), np.float64(nan), np.float64(nan), np.float64(nan), np.float64(nan), np.float64(nan), np.float64(nan), np.float64(nan), np.float64(nan), np.float64(nan), np.float64(nan), np.float64(nan), np.float64(nan)], params=[np.float64(1.0), np.float64(1.0), np.float64(0.11), np.float64(0.02)], fit_error=[np.float64(0.017), np.float64(0.008)])",[-70.  70.],"[np.float64(0.086), np.float64(0.962)]","[np.float64(0.09), np.float64(0.09), np.float64(0.09), np.float64(0.09), np.float64(0.09), np.float64(0.09), np.float64(0.09), np.float64(0.09), np.float64(0.09), np.float64(0.09), np.float64(0.09), np.float64(0.09), np.float64(0.09), np.float64(0.09), np.float64(0.09), np.float64(0.09), np.float64(0.09), np.float64(0.09), np.float64(0.09), np.float64(0.09), np.float64(0.09), np.float64(0.09), np.float64(0.09), np.float64(0.09), np.float64(0.09), np.float64(0.09), np.float64(0.09), np.float64(0.09), np.float64(0.09), np.float64(0.09), np.float64(0.09), np.float64(0.09), np.float64(0.09), np.float64(0.09), np.float64(0.09), np.float64(0.09), np.float64(0.09), np.float64(0.09), np.float64(0.09), np.float64(0.09), np.float64(0.09), np.float64(0.09), np.float64(0.09), np.float64(0.09), np.float64(0.09), np.float64(0.091), np.float64(0.092), np.float64(0.099), np.float64(0.127), np.float64(0.224), np.float64(0.462), np.float64(0.746), np.float64(0.896), np.float64(0.944), np.float64(0.956), np.float64(0.959), np.float64(0.96), np.float64(0.96), np.float64(0.96), np.float64(0.96), np.float64(0.96), np.float64(0.96), np.float64(0.96), np.float64(0.96), np.float64(0.96), np.float64(0.96), np.float64(0.96), np.float64(0.96), np.float64(0.96), np.float64(0.96), np.float64(0.96), np.float64(0.96), np.float64(0.96), np.float64(0.96), np.float64(0.96), np.float64(0.96), np.float64(0.96), np.float64(0.96), np.float64(0.96), np.float64(0.96), np.float64(0.96), np.float64(0.96), np.float64(0.96), np.float64(0.96), np.float64(0.96), np.float64(0.96), np.float64(0.96), np.float64(0.96), np.float64(0.96), np.float64(0.96), np.float64(0.96), np.float64(0.96), np.float64(0.96), np.float64(0.96), np.float64(0.96), np.float64(0.96), np.float64(0.96), np.float64(0.96), np.float64(0.96), np.float64(0.96)]","[np.float64(0.015), np.float64(0.01)]","[np.float64(1.0), np.float64(1.0), np.float64(0.11), np.float64(0.02)]",1.0,1.0,0.11,0.02,
2022-01-28,4,128,327,Bpod5,709,374,335,336,345,648,325,323,334,294,33,22,11,0.9139633286318759,0.8689839572192514,0.9641791044776119,681,347,334,361,181,180,0.5386904761904762,0.5217391304347826,299,151,148,0.4494047619047619,0.4289855072463768,0.9515418502202643,0.9365994236311239,0.9670658682634731,0.9515418502202643,0.030466444632349154,0.925207756232687,0.9832775919732442,-0.05806983574055713,0.5302148033126294,0.43919513457556936,28,27,1,0.039492242595204514,0.07219251336898395,0.0029850746268656717,648,325,323,1620.0,812.5,807.5,1.0,1,0,0,0.0,,"psych_curve(xdata=array([-70.,  70.]), ydata=[np.float64(0.063), np.float64(0.967)], fit=[np.float64(0.06), np.float64(0.06), np.float64(0.06), np.float64(0.06), np.float64(0.06), np.float64(0.06), np.float64(0.06), np.float64(0.06), np.float64(0.06), np.float64(0.06), np.float64(0.06), np.float64(0.06), np.float64(0.06), np.float64(0.06), np.float64(0.06), np.float64(0.06), np.float64(0.06), np.float64(0.06), np.float64(0.06), np.float64(0.06), np.float64(0.06), np.float64(0.06), np.float64(0.06), np.float64(0.06), np.float64(0.06), np.float64(0.06), np.float64(0.06), np.float64(0.06), np.float64(0.06), np.float64(0.06), np.float64(0.06), np.float64(0.06), np.float64(0.06), np.float64(0.06), np.float64(0.06), np.float64(0.06), np.float64(0.06), np.float64(0.06), np.float64(0.06), np.float64(0.06), np.float64(0.06), np.float64(0.06), np.float64(0.06), np.float64(0.06), np.float64(0.06), np.float64(0.061), np.float64(0.062), np.float64(0.07), np.float64(0.098), np.float64(0.2), np.float64(0.449), np.float64(0.746), np.float64(0.903), np.float64(0.953), np.float64(0.966), np.float64(0.969), np.float64(0.97), np.float64(0.97), np.float64(0.97), np.float64(0.97), np.float64(0.97), np.float64(0.97), np.float64(0.97), np.float64(0.97), np.float64(0.97), np.float64(0.97), np.float64(0.97), np.float64(0.97), np.float64(0.97), np.float64(0.97), np.float64(0.97), np.float64(0.97), np.float64(0.97), np.float64(0.97), np.float64(0.97), np.float64(0.97), np.float64(0.97), np.float64(0.97), np.float64(0.97), np.float64(0.97), np.float64(0.97), np.float64(0.97), np.float64(0.97), np.float64(0.97), np.float64(0.97), np.float64(0.97), np.float64(0.97), np.float64(0.97), np.float64(0.97), np.float64(0.97), np.float64(0.97), np.float64(0.97), np.float64(0.97), np.float64(0.97), np.float64(0.97), np.float64(0.97), np.float64(0.97), np.float64(0.97), np.float64(0.97), np.float64(0.97)], params=[np.float64(1.0), np.float64(1.0), np.float64(0.06), np.float64(0.03)], fit_error=[np.float64(0.013), np.float64(0.01)])",[-70.  70.],"[np.float64(0.063), np.float64(0.967)]","[np.float64(0.06), np.float64(0.06), np.float64(0.06), np.float64(0.06), np.float64(0.06), np.float64(0.06), np.float64(0.06), np.float64(0.06), np.float64(0.06), np.float64(0.06), np.float64(0.06), np.float64(0.06), np.float64(0.06), np.float64(0.06), np.float64(0.06), np.float64(0.06), np.float64(0.06), np.float64(0.06), np.float64(0.06), np.float64(0.06), np.float64(0.06), np.float64(0.06), np.float64(0.06), np.float64(0.06), np.float64(0.06), np.float64(0.06), np.float64(0.06), np.float64(0.06), np.float64(0.06), np.float64(0.06), np.float64(0.06), np.float64(0.06), np.float64(0.06), np.float64(0.06), np.float64(0.06), np.float64(0.06), np.float64(0.06), np.float64(0.06), np.float64(0.06), np.float64(0.06), np.float64(0.06), np.float64(0.06), np.float64(0.06), np.float64(0.06), np.float64(0.06), np.float64(0.061), np.float64(0.062), np.float64(0.07), np.float64(0.098), np.float64(0.2), np.float64(0.449), np.float64(0.746), np.float64(0.903), np.float64(0.953), np.float64(0.966), np.float64(0.969), np.float64(0.97), np.float64(0.97), np.float64(0.97), np.float64(0.97), np.float64(0.97), np.float64(0.97), np.float64(0.97), np.float64(0.97), np.float64(0.97), np.float64(0.97), np.float64(0.97), np.float64(0.97), np.float64(0.97), np.float64(0.97), np.float64(0.97), np.float64(0.97), np.float64(0.97), np.float64(0.97), np.float64(0.97), np.float64(0.97), np.float64(0.97), np.float64(0.97), np.float64(0.97), np.float64(0.97), np.float64(0.97), np.float64(0.97), np.float64(0.97), np.float64(0.97), np.float64(0.97), np.float64(0.97), np.float64(0.97), np.float64(0.97), np.float64(0.97), np.float64(0.97), np.float64(0.97), np.float64(0.97), np.float64(0.97), np.float64(0.97), np.float64(0.97), np.float64(0.97), np.float64(0.97), np.float64(0.97), np.float64(0.97), np.float64(0.97)]","[np.float64(0.013), np.float64(0.01)]","[np.float64(1.0), np.float64(1.0), np.float64(0.06), np.float64(0.03)]",1.0,1.0,0.06,0.03,"psych_curve(xdata=array([-70.,  70.]), ydata=[np.float64(0.084), np.float64(0.985)], fit=[np.float64(nan), np.float64(nan), np.float64(nan), np.float64(nan), np.float64(nan), np.float64(nan), np.float64(nan), np.float64(nan), np.float64(nan), np.float64(nan), np.float64(nan), np.float64(nan), np.float64(nan), np.float64(nan), np.float64(nan), np.float64(nan), np.float64(nan), np.float64(nan), np.float64(nan), np.float64(nan), np.float64(nan), np.float64(nan), np.float64(nan), np.float64(nan), np.float64(nan), np.float64(nan), np.float64(nan), np.float64(nan), np.float64(nan), np.float64(nan), np.float64(nan), np.float64(nan), np.float64(nan), np.float64(nan), np.float64(nan), np.float64(nan), np.float64(nan), np.float64(nan), np.float64(nan), np.float64(nan), np.float64(nan), np.float64(nan), np.float64(nan), np.float64(nan), np.float64(nan), np.float64(nan), np.float64(nan), np.float64(nan), np.float64(nan), np.float64(nan), np.float64(nan), np.float64(nan), np.float64(nan), np.float64(nan), np.float64(nan), np.float64(nan), np.float64(nan), np.float64(nan), np.float64(nan), np.float64(nan), np.float64(nan), np.float64(nan), np.float64(nan), np.float64(nan), np.float64(nan), np.float64(nan), np.float64(nan), np.float64(nan), np.float64(nan), np.float64(nan), np.float64(nan), np.float64(nan), np.float64(nan), np.float64(nan), np.float64(nan), np.float64(nan), np.float64(nan), np.float64(nan), np.float64(nan), np.float64(nan), np.float64(nan), np.float64(nan), np.float64(nan), np.float64(nan), np.float64(nan), np.float64(nan), np.float64(nan), np.float64(nan), np.float64(nan), np.float64(nan), np.float64(nan), np.float64(nan), np.float64(nan), np.float64(nan), np.float64(nan), np.float64(nan), np.float64(nan), np.float64(nan), np.float64(nan), np.float64(nan)], params=[np.float64(1.0), np.float64(1.0), np.float64(0.08), np.float64(0.01)], fit_error=[np.float64(0.016), np.float64(0.007)])",[-70.  70.],"[np.float64(0.063), np.float64(0.967)]","[np.float64(0.06), np.float64(0.06), np.float64(0.06), np.float64(0.06), np.float64(0.06), np.float64(0.06), np.float64(0.06), np.float64(0.06), np.float64(0.06), np.float64(0.06), np.float64(0.06), np.float64(0.06), np.float64(0.06), np.float64(0.06), np.float64(0.06), np.float64(0.06), np.float64(0.06), np.float64(0.06), np.float64(0.06), np.float64(0.06), np.float64(0.06), np.float64(0.06), np.float64(0.06), np.float64(0.06), np.float64(0.06), np.float64(0.06), np.float64(0.06), np.float64(0.06), np.float64(0.06), np.float64(0.06), np.float64(0.06), np.float64(0.06), np.float64(0.06), np.float64(0.06), np.float64(0.06), np.float64(0.06), np.float64(0.06), np.float64(0.06), np.float64(0.06), np.float64(0.06), np.float64(0.06), np.float64(0.06), np.float64(0.06), np.float64(0.06), np.float64(0.06), np.float64(0.061), np.float64(0.062), np.float64(0.07), np.float64(0.098), np.float64(0.2), np.float64(0.449), np.float64(0.746), np.float64(0.903), np.float64(0.953), np.float64(0.966), np.float64(0.969), np.float64(0.97), np.float64(0.97), np.float64(0.97), np.float64(0.97), np.float64(0.97), np.float64(0.97), np.float64(0.97), np.float64(0.97), np.float64(0.97), np.float64(0.97), np.float64(0.97), np.float64(0.97), np.float64(0.97), np.float64(0.97), np.float64(0.97), np.float64(0.97), np.float64(0.97), np.float64(0.97), np.float64(0.97), np.float64(0.97), np.float64(0.97), np.float64(0.97), np.float64(0.97), np.float64(0.97), np.float64(0.97), np.float64(0.97), np.float64(0.97), np.float64(0.97), np.float64(0.97), np.float64(0.97), np.float64(0.97), np.float64(0.97), np.float64(0.97), np.float64(0.97), np.float64(0.97), np.float64(0.97), np.float64(0.97), np.float64(0.97), np.float64(0.97), np.float64(0.97), np.float64(0.97), np.float64(0.97), np.float64(0.97), np.float64(0.97)]","[np.float64(0.013), np.float64(0.01)]","[np.float64(1.0), np.float64(1.0), np.float64(0.08), np.float64(0.01)]",1.0,1.0,0.08,0.01,
2022-01-31,0,131,327,Bpod5,405,177,228,111,221,290,94,196,159,88,42,25,17,0.7160493827160493,0.5310734463276836,0.8596491228070176,332,119,213,194,53,141,0.4774774774774775,0.6380090497737556,89,46,43,0.4144144144144144,0.19457013574660634,0.8734939759036144,0.7899159663865546,0.92018779342723,0.8734939759036144,0.13027182704067541,0.8195876288659794,0.9887640449438202,-0.16917641607784084,0.5577432636256165,0.30449227508051036,73,58,15,0.18024691358024691,0.327683615819209,0.06578947368421052,290,94,196,725.0,235.0,490.0,2.0,0,0,0,0.0,,"psych_curve(xdata=array([-70.,  70.]), ydata=[np.float64(0.21), np.float64(0.92)], fit=[np.float64(0.21), np.float64(0.21), np.float64(0.21), np.float64(0.21), np.float64(0.21), np.float64(0.21), np.float64(0.21), np.float64(0.21), np.float64(0.21), np.float64(0.21), np.float64(0.21), np.float64(0.21), np.float64(0.21), np.float64(0.21), np.float64(0.21), np.float64(0.21), np.float64(0.21), np.float64(0.21), np.float64(0.21), np.float64(0.21), np.float64(0.21), np.float64(0.21), np.float64(0.21), np.float64(0.21), np.float64(0.21), np.float64(0.21), np.float64(0.21), np.float64(0.21), np.float64(0.21), np.float64(0.21), np.float64(0.21), np.float64(0.21), np.float64(0.21), np.float64(0.21), np.float64(0.21), np.float64(0.21), np.float64(0.21), np.float64(0.21), np.float64(0.21), np.float64(0.21), np.float64(0.21), np.float64(0.21), np.float64(0.21), np.float64(0.21), np.float64(0.21), np.float64(0.21), np.float64(0.212), np.float64(0.218), np.float64(0.24), np.float64(0.319), np.float64(0.513), np.float64(0.745), np.float64(0.868), np.float64(0.907), np.float64(0.917), np.float64(0.919), np.float64(0.92), np.float64(0.92), np.float64(0.92), np.float64(0.92), np.float64(0.92), np.float64(0.92), np.float64(0.92), np.float64(0.92), np.float64(0.92), np.float64(0.92), np.float64(0.92), np.float64(0.92), np.float64(0.92), np.float64(0.92), np.float64(0.92), np.float64(0.92), np.float64(0.92), np.float64(0.92), np.float64(0.92), np.float64(0.92), np.float64(0.92), np.float64(0.92), np.float64(0.92), np.float64(0.92), np.float64(0.92), np.float64(0.92), np.float64(0.92), np.float64(0.92), np.float64(0.92), np.float64(0.92), np.float64(0.92), np.float64(0.92), np.float64(0.92), np.float64(0.92), np.float64(0.92), np.float64(0.92), np.float64(0.92), np.float64(0.92), np.float64(0.92), np.float64(0.92), np.float64(0.92), np.float64(0.92), np.float64(0.92), np.float64(0.92)], params=[np.float64(1.0), np.float64(1.0), np.float64(0.21), np.float64(0.08)], fit_error=[np.float64(0.038), np.float64(0.019)])",[-70.  70.],"[np.float64(0.21), np.float64(0.92)]","[np.float64(0.21), np.float64(0.21), np.float64(0.21), np.float64(0.21), np.float64(0.21), np.float64(0.21), np.float64(0.21), np.float64(0.21), np.float64(0.21), np.float64(0.21), np.float64(0.21), np.float64(0.21), np.float64(0.21), np.float64(0.21), np.float64(0.21), np.float64(0.21), np.float64(0.21), np.float64(0.21), np.float64(0.21), np.float64(0.21), np.float64(0.21), np.float64(0.21), np.float64(0.21), np.float64(0.21), np.float64(0.21), np.float64(0.21), np.float64(0.21), np.float64(0.21), np.float64(0.21), np.float64(0.21), np.float64(0.21), np.float64(0.21), np.float64(0.21), np.float64(0.21), np.float64(0.21), np.float64(0.21), np.float64(0.21), np.float64(0.21), np.float64(0.21), np.float64(0.21), np.float64(0.21), np.float64(0.21), np.float64(0.21), np.float64(0.21), np.float64(0.21), np.float64(0.21), np.float64(0.212), np.float64(0.218), np.float64(0.24), np.float64(0.319), np.float64(0.513), np.float64(0.745), np.float64(0.868), np.float64(0.907), np.float64(0.917), np.float64(0.919), np.float64(0.92), np.float64(0.92), np.float64(0.92), np.float64(0.92), np.float64(0.92), np.float64(0.92), np.float64(0.92), np.float64(0.92), np.float64(0.92), np.float64(0.92), np.float64(0.92), np.float64(0.92), np.float64(0.92), np.float64(0.92), np.float64(0.92), np.float64(0.92), np.float64(0.92), np.float64(0.92), np.float64(0.92), np.float64(0.92), np.float64(0.92), np.float64(0.92), np.float64(0.92), np.float64(0.92), np.float64(0.92), np.float64(0.92), np.float64(0.92), np.float64(0.92), np.float64(0.92), np.float64(0.92), np.float64(0.92), np.float64(0.92), np.float64(0.92), np.float64(0.92), np.float64(0.92), np.float64(0.92), np.float64(0.92), np.float64(0.92), np.float64(0.92), np.float64(0.92), np.float64(0.92), np.float64(0.92), np.float64(0.92), np.float64(0.92)]","[np.float64(0.038), np.float64(0.019)]","[np.float64(1.0), np.float64(1.0), np.float64(0.21), np.float64(0.08)]",1.0,1.0,0.21,0.08,"psych_curve(xdata=array([-70.,  70.]), ydata=[np.float64(0.285), np.float64(0.994)], fit=[np.float64(nan), np.float64(nan), np.float64(nan), np.float64(nan), np.float64(nan), np.float64(nan), np.float64(nan), np.float64(nan), np.float64(nan), np.float64(nan), np.float64(nan), np.float64(nan), np.float64(nan), np.float64(nan), np.float64(nan), np.float64(nan), np.float64(nan), np.float64(nan), np.float64(nan), np.float64(nan), np.float64(nan), np.float64(nan), np.float64(nan), np.float64(nan), np.float64(nan), np.float64(nan), np.float64(nan), np.float64(nan), np.float64(nan), np.float64(nan), np.float64(nan), np.float64(nan), np.float64(nan), np.float64(nan), np.float64(nan), np.float64(nan), np.float64(nan), np.float64(nan), np.float64(nan), np.float64(nan), np.float64(nan), np.float64(nan), np.float64(nan), np.float64(nan), np.float64(nan), np.float64(nan), np.float64(nan), np.float64(nan), np.float64(nan), np.float64(nan), np.float64(nan), np.float64(nan), np.float64(nan), np.float64(nan), np.float64(nan), np.float64(nan), np.float64(nan), np.float64(nan), np.float64(nan), np.float64(nan), np.float64(nan), np.float64(nan), np.float64(nan), np.float64(nan), np.float64(nan), np.float64(nan), np.float64(nan), np.float64(nan), np.float64(nan), np.float64(nan), np.float64(nan), np.float64(nan), np.float64(nan), np.float64(nan), np.float64(nan), np.float64(nan), np.float64(nan), np.float64(nan), np.float64(nan), np.float64(nan), np.float64(nan), np.float64(nan), np.float64(nan), np.float64(nan), np.float64(nan), np.float64(nan), np.float64(nan), np.float64(nan), np.float64(nan), np.float64(nan), np.float64(nan), np.float64(nan), np.float64(nan), np.float64(nan), np.float64(nan), np.float64(nan), np.float64(nan), np.float64(nan), np.float64(nan), np.float64(nan)], params=[np.float64(1.0), np.float64(1.0), np.float64(0.28), np.float64(0.01)], fit_error=[np.float64(0.041), np.float64(0.006)])",[-70.  70.],"[np.float64(0.21), np.float64(0.92)]","[np.float64(0.21), np.float64(0.21), np.float64(0.21), np.float64(0.21), np.float64(0.21), np.float64(0.21), np.float64(0.21), np.float64(0.21), np.float64(0.21), np.float64(0.21), np.float64(0.21), np.float64(0.21), np.float64(0.21), np.float64(0.21), np.float64(0.21), np.float64(0.21), np.float64(0.21), np.float64(0.21), np.float64(0.21), np.float64(0.21), np.float64(0.21), np.float64(0.21), np.float64(0.21), np.float64(0.21), np.float64(0.21), np.float64(0.21), np.float64(0.21), np.float64(0.21), np.float64(0.21), np.float64(0.21), np.float64(0.21), np.float64(0.21), np.float64(0.21), np.float64(0.21), np.float64(0.21), np.float64(0.21), np.float64(0.21), np.float64(0.21), np.float64(0.21), np.float64(0.21), np.float64(0.21), np.float64(0.21), np.float64(0.21), np.float64(0.21), np.float64(0.21), np.float64(0.21), np.float64(0.212), np.float64(0.218), np.float64(0.24), np.float64(0.319), np.float64(0.513), np.float64(0.745), np.float64(0.868), np.float64(0.907), np.float64(0.917), np.float64(0.919), np.float64(0.92), np.float64(0.92), np.float64(0.92), np.float64(0.92), np.float64(0.92), np.float64(0.92), np.float64(0.92), np.float64(0.92), np.float64(0.92), np.float64(0.92), np.float64(0.92), np.float64(0.92), np.float64(0.92), np.float64(0.92), np.float64(0.92), np.float64(0.92), np.float64(0.92), np.float64(0.92), np.float64(0.92), np.float64(0.92), np.float64(0.92), np.float64(0.92), np.float64(0.92), np.float64(0.92), np.float64(0.92), np.float64(0.92), np.float64(0.92), np.float64(0.92), np.float64(0.92), np.float64(0.92), np.float64(0.92), np.float64(0.92), np.float64(0.92), np.float64(0.92), np.float64(0.92), np.float64(0.92), np.float64(0.92), np.float64(0.92), np.float64(0.92), np.float64(0.92), np.float64(0.92), np.float64(0.92), np.float64(0.92), np.float64(0.92)]","[np.float64(0.038), np.float64(0.019)]","[np.float64(1.0), np.float64(1.0), np.float64(0.28), np.float64(0.01)]",1.0,1.0,0.28,0.01,
2022-02-01,1,132,327,Bpod5,564,278,286,163,305,433,156,277,237,141,35,28,7,0.7677304964539007,0.5611510791366906,0.9685314685314685,468,184,284,261,76,185,0.4662576687116564,0.6065573770491803,149,73,76,0.44785276073619634,0.24918032786885247,0.9252136752136753,0.8478260869565217,0.9753521126760564,0.9252136752136753,0.12752602571953464,0.9080459770114943,0.9463087248322147,-0.03826274782072048,0.5364075228804184,0.34851654430252443,96,94,2,0.1702127659574468,0.3381294964028777,0.006993006993006993,433,156,277,1082.5,390.0,692.5,2.0,0,0,0,0.0,,"psych_curve(xdata=array([-70.,  70.]), ydata=[np.float64(0.152), np.float64(0.975)], fit=[np.float64(0.15), np.float64(0.15), np.float64(0.15), np.float64(0.15), np.float64(0.15), np.float64(0.15), np.float64(0.15), np.float64(0.15), np.float64(0.15), np.float64(0.15), np.float64(0.15), np.float64(0.15), np.float64(0.15), np.float64(0.15), np.float64(0.15), np.float64(0.15), np.float64(0.15), np.float64(0.15), np.float64(0.15), np.float64(0.15), np.float64(0.15), np.float64(0.15), np.float64(0.15), np.float64(0.15), np.float64(0.15), np.float64(0.15), np.float64(0.15), np.float64(0.15), np.float64(0.15), np.float64(0.15), np.float64(0.15), np.float64(0.15), np.float64(0.15), np.float64(0.15), np.float64(0.15), np.float64(0.15), np.float64(0.15), np.float64(0.15), np.float64(0.15), np.float64(0.15), np.float64(0.15), np.float64(0.15), np.float64(0.15), np.float64(0.15), np.float64(0.15), np.float64(0.151), np.float64(0.152), np.float64(0.159), np.float64(0.185), np.float64(0.276), np.float64(0.5), np.float64(0.768), np.float64(0.91), np.float64(0.955), np.float64(0.966), np.float64(0.969), np.float64(0.97), np.float64(0.97), np.float64(0.97), np.float64(0.97), np.float64(0.97), np.float64(0.97), np.float64(0.97), np.float64(0.97), np.float64(0.97), np.float64(0.97), np.float64(0.97), np.float64(0.97), np.float64(0.97), np.float64(0.97), np.float64(0.97), np.float64(0.97), np.float64(0.97), np.float64(0.97), np.float64(0.97), np.float64(0.97), np.float64(0.97), np.float64(0.97), np.float64(0.97), np.float64(0.97), np.float64(0.97), np.float64(0.97), np.float64(0.97), np.float64(0.97), np.float64(0.97), np.float64(0.97), np.float64(0.97), np.float64(0.97), np.float64(0.97), np.float64(0.97), np.float64(0.97), np.float64(0.97), np.float64(0.97), np.float64(0.97), np.float64(0.97), np.float64(0.97), np.float64(0.97), np.float64(0.97), np.float64(0.97), np.float64(0.97)], params=[np.float64(1.0), np.float64(1.0), np.float64(0.15), np.float64(0.03)], fit_error=[np.float64(0.027), np.float64(0.009)])",[-70.  70.],"[np.float64(0.152), np.float64(0.975)]","[np.float64(0.15), np.float64(0.15), np.float64(0.15), np.float64(0.15), np.float64(0.15), np.float64(0.15), np.float64(0.15), np.float64(0.15), np.float64(0.15), np.float64(0.15), np.float64(0.15), np.float64(0.15), np.float64(0.15), np.float64(0.15), np.float64(0.15), np.float64(0.15), np.float64(0.15), np.float64(0.15), np.float64(0.15), np.float64(0.15), np.float64(0.15), np.float64(0.15), np.float64(0.15), np.float64(0.15), np.float64(0.15), np.float64(0.15), np.float64(0.15), np.float64(0.15), np.float64(0.15), np.float64(0.15), np.float64(0.15), np.float64(0.15), np.float64(0.15), np.float64(0.15), np.float64(0.15), np.float64(0.15), np.float64(0.15), np.float64(0.15), np.float64(0.15), np.float64(0.15), np.float64(0.15), np.float64(0.15), np.float64(0.15), np.float64(0.15), np.float64(0.15), np.float64(0.151), np.float64(0.152), np.float64(0.159), np.float64(0.185), np.float64(0.276), np.float64(0.5), np.float64(0.768), np.float64(0.91), np.float64(0.955), np.float64(0.966), np.float64(0.969), np.float64(0.97), np.float64(0.97), np.float64(0.97), np.float64(0.97), np.float64(0.97), np.float64(0.97), np.float64(0.97), np.float64(0.97), np.float64(0.97), np.float64(0.97), np.float64(0.97), np.float64(0.97), np.float64(0.97), np.float64(0.97), np.float64(0.97), np.float64(0.97), np.float64(0.97), np.float64(0.97), np.float64(0.97), np.float64(0.97), np.float64(0.97), np.float64(0.97), np.float64(0.97), np.float64(0.97), np.float64(0.97), np.float64(0.97), np.float64(0.97), np.float64(0.97), np.float64(0.97), np.float64(0.97), np.float64(0.97), np.float64(0.97), np.float64(0.97), np.float64(0.97), np.float64(0.97), np.float64(0.97), np.float64(0.97), np.float64(0.97), np.float64(0.97), np.float64(0.97), np.float64(0.97), np.float64(0.97), np.float64(0.97), np.float64(0.97)]","[np.float64(0.027), np.float64(0.009)]","[np.float64(1.0), np.float64(1.0), np.float64(0.15), np.float64(0.03)]",1.0,1.0,0.15,0.03,"psych_curve(xdata=array([-70.,  70.]), ydata=[np.float64(0.145), np.float64(0.967)], fit=[np.float64(nan), np.float64(nan), np.float64(nan), np.float64(nan), np.float64(nan), np.float64(nan), np.float64(nan), np.float64(nan), np.float64(nan), np.float64(nan), np.float64(nan), np.float64(nan), np.float64(nan), np.float64(nan), np.float64(nan), np.float64(nan), np.float64(nan), np.float64(nan), np.float64(nan), np.float64(nan), np.float64(nan), np.float64(nan), np.float64(nan), np.float64(nan), np.float64(nan), np.float64(nan), np.float64(nan), np.float64(nan), np.float64(nan), np.float64(nan), np.float64(nan), np.float64(nan), np.float64(nan), np.float64(nan), np.float64(nan), np.float64(nan), np.float64(nan), np.float64(nan), np.float64(nan), np.float64(nan), np.float64(nan), np.float64(nan), np.float64(nan), np.float64(nan), np.float64(nan), np.float64(nan), np.float64(nan), np.float64(nan), np.float64(nan), np.float64(nan), np.float64(nan), np.float64(nan), np.float64(nan), np.float64(nan), np.float64(nan), np.float64(nan), np.float64(nan), np.float64(nan), np.float64(nan), np.float64(nan), np.float64(nan), np.float64(nan), np.float64(nan), np.float64(nan), np.float64(nan), np.float64(nan), np.float64(nan), np.float64(nan), np.float64(nan), np.float64(nan), np.float64(nan), np.float64(nan), np.float64(nan), np.float64(nan), np.float64(nan), np.float64(nan), np.float64(nan), np.float64(nan), np.float64(nan), np.float64(nan), np.float64(nan), np.float64(nan), np.float64(nan), np.float64(nan), np.float64(nan), np.float64(nan), np.float64(nan), np.float64(nan), np.float64(nan), np.float64(nan), np.float64(nan), np.float64(nan), np.float64(nan), np.float64(nan), np.float64(nan), np.float64(nan), np.float64(nan), np.float64(nan), np.float64(nan), np.float64(nan)], params=[np.float64(1.0), np.float64(1.0), np.float64(0.15), np.float64(0.03)], fit_error=[np.float64(0.028), np.float64(0.011)])",[-70.  70.],"[np.float64(0.152), np.float64(0.975)]","[np.float64(0.15), np.float64(0.15), np.float64(0.15), np.float64(0.15), np.float64(0.15), np.float64(0.15), np.float64(0.15), np.float64(0.15), np.float64(0.15), np.float64(0.15), np.float64(0.15), np.float64(0.15), np.float64(0.15), np.float64(0.15), np.float64(0.15), np.float64(0.15), np.float64(0.15), np.float64(0.15), np.float64(0.15), np.float64(0.15), np.float64(0.15), np.float64(0.15), np.float64(0.15), np.float64(0.15), np.float64(0.15), np.float64(0.15), np.float64(0.15), np.float64(0.15), np.float64(0.15), np.float64(0.15), np.float64(0.15), np.float64(0.15), np.float64(0.15), np.float64(0.15), np.float64(0.15), np.float64(0.15), np.float64(0.15), np.float64(0.15), np.float64(0.15), np.float64(0.15), np.float64(0.15), np.float64(0.15), np.float64(0.15), np.float64(0.15), np.float64(0.15), np.float64(0.151), np.float64(0.152), np.float64(0.159), np.float64(0.185), np.float64(0.276), np.float64(0.5), np.float64(0.768), np.float64(0.91), np.float64(0.955), np.float64(0.966), np.float64(0.969), np.float64(0.97), np.float64(0.97), np.float64(0.97), np.float64(0.97), np.float64(0.97), np.float64(0.97), np.float64(0.97), np.float64(0.97), np.float64(0.97), np.float64(0.97), np.float64(0.97), np.float64(0.97), np.float64(0.97), np.float64(0.97), np.float64(0.97), np.float64(0.97), np.float64(0.97), np.float64(0.97), np.float64(0.97), np.float64(0.97), np.float64(0.97), np.float64(0.97), np.float64(0.97), np.float64(0.97), np.float64(0.97), np.float64(0.97), np.float64(0.97), np.float64(0.97), np.float64(0.97), np.float64(0.97), np.float64(0.97), np.float64(0.97), np.float64(0.97), np.float64(0.97), np.float64(0.97), np.float64(0.97), np.float64(0.97), np.float64(0.97), np.float64(0.97), np.float64(0.97), np.float64(0.97), np.float64(0.97), np.float64(0.97), np.float64(0.97)]","[np.float64(0.027), np.float64(0.009)]","[np.float64(1.0), np.float64(1.0), np.float64(0.15), np.float64(0.03)]",1.0,1.0,0.15,0.03,
2022-02-02,2,133,327,Bpod5,405,208,197,144,216,341,144,197,152,162,19,19,0,0.8419753086419753,0.6923076923076923,1.0,360,163,197,166,56,110,0.3888888888888889,0.5092592592592593,165,83,82,0.5763888888888888,0.37962962962962965,0.9472222222222222,0.8834355828220859,1.0,0.9472222222222222,0.1165644171779141,0.9156626506024096,0.9818181818181818,-0.06615553121577222,0.44907407407407407,0.47800925925925924,45,45,0,0.1111111111111111,0.21634615384615385,0.0,341,144,197,852.5,360.0,492.5,2.0,0,0,0,0.0,,"psych_curve(xdata=array([-70.,  70.]), ydata=[np.float64(0.117), np.float64(1.0)], fit=[np.float64(0.12), np.float64(0.12), np.float64(0.12), np.float64(0.12), np.float64(0.12), np.float64(0.12), np.float64(0.12), np.float64(0.12), np.float64(0.12), np.float64(0.12), np.float64(0.12), np.float64(0.12), np.float64(0.12), np.float64(0.12), np.float64(0.12), np.float64(0.12), np.float64(0.12), np.float64(0.12), np.float64(0.12), np.float64(0.12), np.float64(0.12), np.float64(0.12), np.float64(0.12), np.float64(0.12), np.float64(0.12), np.float64(0.12), np.float64(0.12), np.float64(0.12), np.float64(0.12), np.float64(0.12), np.float64(0.12), np.float64(0.12), np.float64(0.12), np.float64(0.12), np.float64(0.12), np.float64(0.12), np.float64(0.12), np.float64(0.12), np.float64(0.12), np.float64(0.12), np.float64(0.12), np.float64(0.12), np.float64(0.12), np.float64(0.12), np.float64(0.12), np.float64(0.121), np.float64(0.122), np.float64(0.129), np.float64(0.157), np.float64(0.255), np.float64(0.496), np.float64(0.784), np.float64(0.935), np.float64(0.983), np.float64(0.996), np.float64(0.999), np.float64(1.0), np.float64(1.0), np.float64(1.0), np.float64(1.0), np.float64(1.0), np.float64(1.0), np.float64(1.0), np.float64(1.0), np.float64(1.0), np.float64(1.0), np.float64(1.0), np.float64(1.0), np.float64(1.0), np.float64(1.0), np.float64(1.0), np.float64(1.0), np.float64(1.0), np.float64(1.0), np.float64(1.0), np.float64(1.0), np.float64(1.0), np.float64(1.0), np.float64(1.0), np.float64(1.0), np.float64(1.0), np.float64(1.0), np.float64(1.0), np.float64(1.0), np.float64(1.0), np.float64(1.0), np.float64(1.0), np.float64(1.0), np.float64(1.0), np.float64(1.0), np.float64(1.0), np.float64(1.0), np.float64(1.0), np.float64(1.0), np.float64(1.0), np.float64(1.0), np.float64(1.0), np.float64(1.0), np.float64(1.0), np.float64(1.0)], params=[np.float64(1.0), np.float64(1.0), np.float64(0.12), np.float64(0.0)], fit_error=[np.float64(0.025), np.float64(0.0)])",[-70.  70.],"[np.float64(0.117), np.float64(1.0)]","[np.float64(0.12), np.float64(0.12), np.float64(0.12), np.float64(0.12), np.float64(0.12), np.float64(0.12), np.float64(0.12), np.float64(0.12), np.float64(0.12), np.float64(0.12), np.float64(0.12), np.float64(0.12), np.float64(0.12), np.float64(0.12), np.float64(0.12), np.float64(0.12), np.float64(0.12), np.float64(0.12), np.float64(0.12), np.float64(0.12), np.float64(0.12), np.float64(0.12), np.float64(0.12), np.float64(0.12), np.float64(0.12), np.float64(0.12), np.float64(0.12), np.float64(0.12), np.float64(0.12), np.float64(0.12), np.float64(0.12), np.float64(0.12), np.float64(0.12), np.float64(0.12), np.float64(0.12), np.float64(0.12), np.float64(0.12), np.float64(0.12), np.float64(0.12), np.float64(0.12), np.float64(0.12), np.float64(0.12), np.float64(0.12), np.float64(0.12), np.float64(0.12), np.float64(0.121), np.float64(0.122), np.float64(0.129), np.float64(0.157), np.float64(0.255), np.float64(0.496), np.float64(0.784), np.float64(0.935), np.float64(0.983), np.float64(0.996), np.float64(0.999), np.float64(1.0), np.float64(1.0), np.float64(1.0), np.float64(1.0), np.float64(1.0), np.float64(1.0), np.float64(1.0), np.float64(1.0), np.float64(1.0), np.float64(1.0), np.float64(1.0), np.float64(1.0), np.float64(1.0), np.float64(1.0), np.float64(1.0), np.float64(1.0), np.float64(1.0), np.float64(1.0), np.float64(1.0), np.float64(1.0), np.float64(1.0), np.float64(1.0), np.float64(1.0), np.float64(1.0), np.float64(1.0), np.float64(1.0), np.float64(1.0), np.float64(1.0), np.float64(1.0), np.float64(1.0), np.float64(1.0), np.float64(1.0), np.float64(1.0), np.float64(1.0), np.float64(1.0), np.float64(1.0), np.float64(1.0), np.float64(1.0), np.float64(1.0), np.float64(1.0), np.float64(1.0), np.float64(1.0), np.float64(1.0), np.float64(1.0)]","[np.float64(0.025), np.float64(0.0)]","[np.float64(1.0), np.float64(1.0), np.float64(0.12), np.float64(0.0)]",1.0,1.0,0.12,0.0,"psych_curve(xdata=array([-70.,  70.]), ydata=[np.float64(0.08), np.float64(0.981)], fit=[np.float64(nan), np.float64(nan), np.float64(nan), np.float64(nan), np.float64(nan), np.float64(nan), np.float64(nan), np.float64(nan), np.float64(nan), np.float64(nan), np.float64(nan), np.float64(nan), np.float64(nan), np.float64(nan), np.float64(nan), np.float64(nan), np.float64(nan), np.float64(nan), np.float64(nan), np.float64(nan), np.float64(nan), np.float64(nan), np.float64(nan), np.float64(nan), np.float64(nan), np.float64(nan), np.float64(nan), np.float64(nan), np.float64(nan), np.float64(nan), np.float64(nan), np.float64(nan), np.float64(nan), np.float64(nan), np.float64(nan), np.float64(nan), np.float64(nan), np.float64(nan), np.float64(nan), np.float64(nan), np.float64(nan), np.float64(nan), np.float64(nan), np.float64(nan), np.float64(nan), np.float64(nan), np.float64(nan), np.float64(nan), np.float64(nan), np.float64(nan), np.float64(nan), np.float64(nan), np.float64(nan), np.float64(nan), np.float64(nan), np.float64(nan), np.float64(nan), np.float64(nan), np.float64(nan), np.float64(nan), np.float64(nan), np.float64(nan), np.float64(nan), np.float64(nan), np.float64(nan), np.float64(nan), np.float64(nan), np.float64(nan), np.float64(nan), np.float64(nan), np.float64(nan), np.float64(nan), np.float64(nan), np.float64(nan), np.float64(nan), np.float64(nan), np.float64(nan), np.float64(nan), np.float64(nan), np.float64(nan), np.float64(nan), np.float64(nan), np.float64(nan), np.float64(nan), np.float64(nan), np.float64(nan), np.float64(nan), np.float64(nan), np.float64(nan), np.float64(nan), np.float64(nan), np.float64(nan), np.float64(nan), np.float64(nan), np.float64(nan), np.float64(nan), np.float64(nan), np.float64(nan), np.float64(nan), np.float64(nan)], params=[np.float64(1.0), np.float64(1.0), np.float64(0.08), np.float64(0.02)], fit_error=[np.float64(0.02), np.float64(0.011)])",[-70.  70.],"[np.float64(0.117), np.float64(1.0)]","[np.float64(0.12), np.float64(0.12), np.float64(0.12), np.float64(0.12), np.float64(0.12), np.float64(0.12), np.float64(0.12), np.float64(0.12), np.float64(0.12), np.float64(0.12), np.float64(0.12), np.float64(0.12), np.float64(0.12), np.float64(0.12), np.float64(0.12), np.float64(0.12), np.float64(0.12), np.float64(0.12), np.float64(0.12), np.float64(0.12), np.float64(0.12), np.float64(0.12), np.float64(0.12), np.float64(0.12), np.float64(0.12), np.float64(0.12), np.float64(0.12), np.float64(0.12), np.float64(0.12), np.float64(0.12), np.float64(0.12), np.float64(0.12), np.float64(0.12), np.float64(0.12), np.float64(0.12), np.float64(0.12), np.float64(0.12), np.float64(0.12), np.float64(0.12), np.float64(0.12), np.float64(0.12), np.float64(0.12), np.float64(0.12), np.float64(0.12), np.float64(0.12), np.float64(0.121), np.float64(0.122), np.float64(0.129), np.float64(0.157), np.float64(0.255), np.float64(0.496), np.float64(0.784), np.float64(0.935), np.float64(0.983), np.float64(0.996), np.float64(0.999), np.float64(1.0), np.float64(1.0), np.float64(1.0), np.float64(1.0), np.float64(1.0), np.float64(1.0), np.float64(1.0), np.float64(1.0), np.float64(1.0), np.float64(1.0), np.float64(1.0), np.float64(1.0), np.float64(1.0), np.float64(1.0), np.float64(1.0), np.float64(1.0), np.float64(1.0), np.float64(1.0), np.float64(1.0), np.float64(1.0), np.float64(1.0), np.float64(1.0), np.float64(1.0), np.float64(1.0), np.float64(1.0), np.float64(1.0), np.float64(1.0), np.float64(1.0), np.float64(1.0), np.float64(1.0), np.float64(1.0), np.float64(1.0), np.float64(1.0), np.float64(1.0), np.float64(1.0), np.float64(1.0), np.float64(1.0), np.float64(1.0), np.float64(1.0), np.float64(1.0), np.float64(1.0), np.float64(1.0), np.float64(1.0), np.float64(1.0)]","[np.float64(0.025), np.float64(0.0)]","[np.float64(1.0), np.float64(1.0), np.float64(0.08), np.float64(0.02)]",1.0,1.0,0.08,0.02,
2022-02-03,3,134,327,Bpod5,838,423,415,371,424,779,368,411,372,379,16,13,3,0.9295942720763724,0.8699763593380615,0.9903614457831326,795,381,414,382,170,212,0.4582210242587601,0.5,383,191,192,0.5148247978436657,0.4528301886792453,0.979874213836478,0.9658792650918635,0.9927536231884058,0.979874213836478,0.02687435809654226,0.9738219895287958,0.9895561357702349,-0.015734146241439095,0.47911051212938005,0.4838274932614555,43,42,1,0.0513126491646778,0.09929078014184398,0.0024096385542168677,779,368,411,1947.5,920.0,1027.5,2.0,0,0,0,0.0,,"psych_curve(xdata=array([-70.,  70.]), ydata=[np.float64(0.034), np.float64(0.993)], fit=[np.float64(0.03), np.float64(0.03), np.float64(0.03), np.float64(0.03), np.float64(0.03), np.float64(0.03), np.float64(0.03), np.float64(0.03), np.float64(0.03), np.float64(0.03), np.float64(0.03), np.float64(0.03), np.float64(0.03), np.float64(0.03), np.float64(0.03), np.float64(0.03), np.float64(0.03), np.float64(0.03), np.float64(0.03), np.float64(0.03), np.float64(0.03), np.float64(0.03), np.float64(0.03), np.float64(0.03), np.float64(0.03), np.float64(0.03), np.float64(0.03), np.float64(0.03), np.float64(0.03), np.float64(0.03), np.float64(0.03), np.float64(0.03), np.float64(0.03), np.float64(0.03), np.float64(0.03), np.float64(0.03), np.float64(0.03), np.float64(0.03), np.float64(0.03), np.float64(0.03), np.float64(0.03), np.float64(0.03), np.float64(0.03), np.float64(0.03), np.float64(0.03), np.float64(0.031), np.float64(0.032), np.float64(0.04), np.float64(0.071), np.float64(0.177), np.float64(0.44), np.float64(0.754), np.float64(0.92), np.float64(0.972), np.float64(0.986), np.float64(0.989), np.float64(0.99), np.float64(0.99), np.float64(0.99), np.float64(0.99), np.float64(0.99), np.float64(0.99), np.float64(0.99), np.float64(0.99), np.float64(0.99), np.float64(0.99), np.float64(0.99), np.float64(0.99), np.float64(0.99), np.float64(0.99), np.float64(0.99), np.float64(0.99), np.float64(0.99), np.float64(0.99), np.float64(0.99), np.float64(0.99), np.float64(0.99), np.float64(0.99), np.float64(0.99), np.float64(0.99), np.float64(0.99), np.float64(0.99), np.float64(0.99), np.float64(0.99), np.float64(0.99), np.float64(0.99), np.float64(0.99), np.float64(0.99), np.float64(0.99), np.float64(0.99), np.float64(0.99), np.float64(0.99), np.float64(0.99), np.float64(0.99), np.float64(0.99), np.float64(0.99), np.float64(0.99), np.float64(0.99), np.float64(0.99), np.float64(0.99)], params=[np.float64(1.0), np.float64(1.0), np.float64(0.03), np.float64(0.01)], fit_error=[np.float64(0.009), np.float64(0.004)])",[-70.  70.],"[np.float64(0.034), np.float64(0.993)]","[np.float64(0.03), np.float64(0.03), np.float64(0.03), np.float64(0.03), np.float64(0.03), np.float64(0.03), np.float64(0.03), np.float64(0.03), np.float64(0.03), np.float64(0.03), np.float64(0.03), np.float64(0.03), np.float64(0.03), np.float64(0.03), np.float64(0.03), np.float64(0.03), np.float64(0.03), np.float64(0.03), np.float64(0.03), np.float64(0.03), np.float64(0.03), np.float64(0.03), np.float64(0.03), np.float64(0.03), np.float64(0.03), np.float64(0.03), np.float64(0.03), np.float64(0.03), np.float64(0.03), np.float64(0.03), np.float64(0.03), np.float64(0.03), np.float64(0.03), np.float64(0.03), np.float64(0.03), np.float64(0.03), np.float64(0.03), np.float64(0.03), np.float64(0.03), np.float64(0.03), np.float64(0.03), np.float64(0.03), np.float64(0.03), np.float64(0.03), np.float64(0.03), np.float64(0.031), np.float64(0.032), np.float64(0.04), np.float64(0.071), np.float64(0.177), np.float64(0.44), np.float64(0.754), np.float64(0.92), np.float64(0.972), np.float64(0.986), np.float64(0.989), np.float64(0.99), np.float64(0.99), np.float64(0.99), np.float64(0.99), np.float64(0.99), np.float64(0.99), np.float64(0.99), np.float64(0.99), np.float64(0.99), np.float64(0.99), np.float64(0.99), np.float64(0.99), np.float64(0.99), np.float64(0.99), np.float64(0.99), np.float64(0.99), np.float64(0.99), np.float64(0.99), np.float64(0.99), np.float64(0.99), np.float64(0.99), np.float64(0.99), np.float64(0.99), np.float64(0.99), np.float64(0.99), np.float64(0.99), np.float64(0.99), np.float64(0.99), np.float64(0.99), np.float64(0.99), np.float64(0.99), np.float64(0.99), np.float64(0.99), np.float64(0.99), np.float64(0.99), np.float64(0.99), np.float64(0.99), np.float64(0.99), np.float64(0.99), np.float64(0.99), np.float64(0.99), np.float64(0.99), np.float64(0.99), np.float64(0.99)]","[np.float64(0.009), np.float64(0.004)]","[np.float64(1.0), np.float64(1.0), np.float64(0.03), np.float64(0.01)]",1.0,1.0,0.03,0.01,"psych_curve(xdata=array([-70.,  70.]), ydata=[np.float64(0.026), np.float64(0.989)], fit=[np.float64(nan), np.float64(nan), np.float64(nan), np.float64(nan), np.float64(nan), np.float64(nan), np.float64(nan), np.float64(nan), np.float64(nan), np.float64(nan), np.float64(nan), np.float64(nan), np.float64(nan), np.float64(nan), np.float64(nan), np.float64(nan), np.float64(nan), np.float64(nan), np.float64(nan), np.float64(nan), np.float64(nan), np.float64(nan), np.float64(nan), np.float64(nan), np.float64(nan), np.float64(nan), np.float64(nan), np.float64(nan), np.float64(nan), np.float64(nan), np.float64(nan), np.float64(nan), np.float64(nan), np.float64(nan), np.float64(nan), np.float64(nan), np.float64(nan), np.float64(nan), np.float64(nan), np.float64(nan), np.float64(nan), np.float64(nan), np.float64(nan), np.float64(nan), np.float64(nan), np.float64(nan), np.float64(nan), np.float64(nan), np.float64(nan), np.float64(nan), np.float64(nan), np.float64(nan), np.float64(nan), np.float64(nan), np.float64(nan), np.float64(nan), np.float64(nan), np.float64(nan), np.float64(nan), np.float64(nan), np.float64(nan), np.float64(nan), np.float64(nan), np.float64(nan), np.float64(nan), np.float64(nan), np.float64(nan), np.float64(nan), np.float64(nan), np.float64(nan), np.float64(nan), np.float64(nan), np.float64(nan), np.float64(nan), np.float64(nan), np.float64(nan), np.float64(nan), np.float64(nan), np.float64(nan), np.float64(nan), np.float64(nan), np.float64(nan), np.float64(nan), np.float64(nan), np.float64(nan), np.float64(nan), np.float64(nan), np.float64(nan), np.float64(nan), np.float64(nan), np.float64(nan), np.float64(nan), np.float64(nan), np.float64(nan), np.float64(nan), np.float64(nan), np.float64(nan), np.float64(nan), np.float64(nan), np.float64(nan)], params=[np.float64(1.0), np.float64(1.0), np.float64(0.03), np.float64(0.01)], fit_error=[np.float64(0.008), np.float64(0.005)])",[-70.  70.],"[np.float64(0.034), np.float64(0.993)]","[np.float64(0.03), np.float64(0.03), np.float64(0.03), np.float64(0.03), np.float64(0.03), np.float64(0.03), np.float64(0.03), np.float64(0.03), np.float64(0.03), np.float64(0.03), np.float64(0.03), np.float64(0.03), np.float64(0.03), np.float64(0.03), np.float64(0.03), np.float64(0.03), np.float64(0.03), np.float64(0.03), np.float64(0.03), np.float64(0.03), np.float64(0.03), np.float64(0.03), np.float64(0.03), np.float64(0.03), np.float64(0.03), np.float64(0.03), np.float64(0.03), np.float64(0.03), np.float64(0.03), np.float64(0.03), np.float64(0.03), np.float64(0.03), np.float64(0.03), np.float64(0.03), np.float64(0.03), np.float64(0.03), np.float64(0.03), np.float64(0.03), np.float64(0.03), np.float64(0.03), np.float64(0.03), np.float64(0.03), np.float64(0.03), np.float64(0.03), np.float64(0.03), np.float64(0.031), np.float64(0.032), np.float64(0.04), np.float64(0.071), np.float64(0.177), np.float64(0.44), np.float64(0.754), np.float64(0.92), np.float64(0.972), np.float64(0.986), np.float64(0.989), np.float64(0.99), np.float64(0.99), np.float64(0.99), np.float64(0.99), np.float64(0.99), np.float64(0.99), np.float64(0.99), np.float64(0.99), np.float64(0.99), np.float64(0.99), np.float64(0.99), np.float64(0.99), np.float64(0.99), np.float64(0.99), np.float64(0.99), np.float64(0.99), np.float64(0.99), np.float64(0.99), np.float64(0.99), np.float64(0.99), np.float64(0.99), np.float64(0.99), np.float64(0.99), np.float64(0.99), np.float64(0.99), np.float64(0.99), np.float64(0.99), np.float64(0.99), np.float64(0.99), np.float64(0.99), np.float64(0.99), np.float64(0.99), np.float64(0.99), np.float64(0.99), np.float64(0.99), np.float64(0.99), np.float64(0.99), np.float64(0.99), np.float64(0.99), np.float64(0.99), np.float64(0.99), np.float64(0.99), np.float64(0.99), np.float64(0.99)]","[np.float64(0.009), np.float64(0.004)]","[np.float64(1.0), np.float64(1.0), np.float64(0.03), np.float64(0.01)]",1.0,1.0,0.03,0.01,
2022-02-04,4,135,327,Bpod5,430,207,223,191,223,410,189,221,195,201,4,2,2,0.9534883720930233,0.9130434782608695,0.9910313901345291,414,191,223,197,87,110,0.45549738219895286,0.49327354260089684,203,102,101,0.5340314136125655,0.452914798206278,0.9903381642512077,0.9895287958115183,0.9910313901345291,0.9903381642512077,0.0015025943230108085,0.9898477157360406,0.9901477832512315,-0.0003000675151909604,0.47438546239992485,0.4934731059094217,16,16,0,0.037209302325581395,0.07729468599033816,0.0,410,189,221,1025.0,472.5,552.5,3.0,0,0,0,0.0,,"psych_curve(xdata=array([-70.,  70.]), ydata=[np.float64(0.01), np.float64(0.991)], fit=[np.float64(0.01), np.float64(0.01), np.float64(0.01), np.float64(0.01), np.float64(0.01), np.float64(0.01), np.float64(0.01), np.float64(0.01), np.float64(0.01), np.float64(0.01), np.float64(0.01), np.float64(0.01), np.float64(0.01), np.float64(0.01), np.float64(0.01), np.float64(0.01), np.float64(0.01), np.float64(0.01), np.float64(0.01), np.float64(0.01), np.float64(0.01), np.float64(0.01), np.float64(0.01), np.float64(0.01), np.float64(0.01), np.float64(0.01), np.float64(0.01), np.float64(0.01), np.float64(0.01), np.float64(0.01), np.float64(0.01), np.float64(0.01), np.float64(0.01), np.float64(0.01), np.float64(0.01), np.float64(0.01), np.float64(0.01), np.float64(0.01), np.float64(0.01), np.float64(0.01), np.float64(0.01), np.float64(0.01), np.float64(0.01), np.float64(0.01), np.float64(0.01), np.float64(0.011), np.float64(0.013), np.float64(0.02), np.float64(0.051), np.float64(0.16), np.float64(0.429), np.float64(0.749), np.float64(0.918), np.float64(0.971), np.float64(0.985), np.float64(0.989), np.float64(0.99), np.float64(0.99), np.float64(0.99), np.float64(0.99), np.float64(0.99), np.float64(0.99), np.float64(0.99), np.float64(0.99), np.float64(0.99), np.float64(0.99), np.float64(0.99), np.float64(0.99), np.float64(0.99), np.float64(0.99), np.float64(0.99), np.float64(0.99), np.float64(0.99), np.float64(0.99), np.float64(0.99), np.float64(0.99), np.float64(0.99), np.float64(0.99), np.float64(0.99), np.float64(0.99), np.float64(0.99), np.float64(0.99), np.float64(0.99), np.float64(0.99), np.float64(0.99), np.float64(0.99), np.float64(0.99), np.float64(0.99), np.float64(0.99), np.float64(0.99), np.float64(0.99), np.float64(0.99), np.float64(0.99), np.float64(0.99), np.float64(0.99), np.float64(0.99), np.float64(0.99), np.float64(0.99), np.float64(0.99), np.float64(0.99)], params=[np.float64(1.0), np.float64(1.0), np.float64(0.01), np.float64(0.01)], fit_error=[np.float64(0.007), np.float64(0.006)])",[-70.  70.],"[np.float64(0.01), np.float64(0.991)]","[np.float64(0.01), np.float64(0.01), np.float64(0.01), np.float64(0.01), np.float64(0.01), np.float64(0.01), np.float64(0.01), np.float64(0.01), np.float64(0.01), np.float64(0.01), np.float64(0.01), np.float64(0.01), np.float64(0.01), np.float64(0.01), np.float64(0.01), np.float64(0.01), np.float64(0.01), np.float64(0.01), np.float64(0.01), np.float64(0.01), np.float64(0.01), np.float64(0.01), np.float64(0.01), np.float64(0.01), np.float64(0.01), np.float64(0.01), np.float64(0.01), np.float64(0.01), np.float64(0.01), np.float64(0.01), np.float64(0.01), np.float64(0.01), np.float64(0.01), np.float64(0.01), np.float64(0.01), np.float64(0.01), np.float64(0.01), np.float64(0.01), np.float64(0.01), np.float64(0.01), np.float64(0.01), np.float64(0.01), np.float64(0.01), np.float64(0.01), np.float64(0.01), np.float64(0.011), np.float64(0.013), np.float64(0.02), np.float64(0.051), np.float64(0.16), np.float64(0.429), np.float64(0.749), np.float64(0.918), np.float64(0.971), np.float64(0.985), np.float64(0.989), np.float64(0.99), np.float64(0.99), np.float64(0.99), np.float64(0.99), np.float64(0.99), np.float64(0.99), np.float64(0.99), np.float64(0.99), np.float64(0.99), np.float64(0.99), np.float64(0.99), np.float64(0.99), np.float64(0.99), np.float64(0.99), np.float64(0.99), np.float64(0.99), np.float64(0.99), np.float64(0.99), np.float64(0.99), np.float64(0.99), np.float64(0.99), np.float64(0.99), np.float64(0.99), np.float64(0.99), np.float64(0.99), np.float64(0.99), np.float64(0.99), np.float64(0.99), np.float64(0.99), np.float64(0.99), np.float64(0.99), np.float64(0.99), np.float64(0.99), np.float64(0.99), np.float64(0.99), np.float64(0.99), np.float64(0.99), np.float64(0.99), np.float64(0.99), np.float64(0.99), np.float64(0.99), np.float64(0.99), np.float64(0.99), np.float64(0.99)]","[np.float64(0.007), np.float64(0.006)]","[np.float64(1.0), np.float64(1.0), np.float64(0.01), np.float64(0.01)]",1.0,1.0,0.01,0.01,"psych_curve(xdata=array([-70.,  70.]), ydata=[np.float64(0.01), np.float64(0.99)], fit=[np.float64(nan), np.float64(nan), np.float64(nan), np.float64(nan), np.float64(nan), np.float64(nan), np.float64(nan), np.float64(nan), np.float64(nan), np.float64(nan), np.float64(nan), np.float64(nan), np.float64(nan), np.float64(nan), np.float64(nan), np.float64(nan), np.float64(nan), np.float64(nan), np.float64(nan), np.float64(nan), np.float64(nan), np.float64(nan), np.float64(nan), np.float64(nan), np.float64(nan), np.float64(nan), np.float64(nan), np.float64(nan), np.float64(nan), np.float64(nan), np.float64(nan), np.float64(nan), np.float64(nan), np.float64(nan), np.float64(nan), np.float64(nan), np.float64(nan), np.float64(nan), np.float64(nan), np.float64(nan), np.float64(nan), np.float64(nan), np.float64(nan), np.float64(nan), np.float64(nan), np.float64(nan), np.float64(nan), np.float64(nan), np.float64(nan), np.float64(nan), np.float64(nan), np.float64(nan), np.float64(nan), np.float64(nan), np.float64(nan), np.float64(nan), np.float64(nan), np.float64(nan), np.float64(nan), np.float64(nan), np.float64(nan), np.float64(nan), np.float64(nan), np.float64(nan), np.float64(nan), np.float64(nan), np.float64(nan), np.float64(nan), np.float64(nan), np.float64(nan), np.float64(nan), np.float64(nan), np.float64(nan), np.float64(nan), np.float64(nan), np.float64(nan), np.float64(nan), np.float64(nan), np.float64(nan), np.float64(nan), np.float64(nan), np.float64(nan), np.float64(nan), np.float64(nan), np.float64(nan), np.float64(nan), np.float64(nan), np.float64(nan), np.float64(nan), np.float64(nan), np.float64(nan), np.float64(nan), np.float64(nan), np.float64(nan), np.float64(nan), np.float64(nan), np.float64(nan), np.float64(nan), np.float64(nan), np.float64(nan)], params=[np.float64(1.0), np.float64(1.0), np.float64(0.01), np.float64(0.01)], fit_error=[np.float64(0.007), np.float64(0.007)])",[-70.  70.],"[np.float64(0.01), np.float64(0.991)]","[np.float64(0.01), np.float64(0.01), np.float64(0.01), np.float64(0.01), np.float64(0.01), np.float64(0.01), np.float64(0.01), np.float64(0.01), np.float64(0.01), np.float64(0.01), np.float64(0.01), np.float64(0.01), np.float64(0.01), np.float64(0.01), np.float64(0.01), np.float64(0.01), np.float64(0.01), np.float64(0.01), np.float64(0.01), np.float64(0.01), np.float64(0.01), np.float64(0.01), np.float64(0.01), np.float64(0.01), np.float64(0.01), np.float64(0.01), np.float64(0.01), np.float64(0.01), np.float64(0.01), np.float64(0.01), np.float64(0.01), np.float64(0.01), np.float64(0.01), np.float64(0.01), np.float64(0.01), np.float64(0.01), np.float64(0.01), np.float64(0.01), np.float64(0.01), np.float64(0.01), np.float64(0.01), np.float64(0.01), np.float64(0.01), np.float64(0.01), np.float64(0.01), np.float64(0.011), np.float64(0.013), np.float64(0.02), np.float64(0.051), np.float64(0.16), np.float64(0.429), np.float64(0.749), np.float64(0.918), np.float64(0.971), np.float64(0.985), np.float64(0.989), np.float64(0.99), np.float64(0.99), np.float64(0.99), np.float64(0.99), np.float64(0.99), np.float64(0.99), np.float64(0.99), np.float64(0.99), np.float64(0.99), np.float64(0.99), np.float64(0.99), np.float64(0.99), np.float64(0.99), np.float64(0.99), np.float64(0.99), np.float64(0.99), np.float64(0.99), np.float64(0.99), np.float64(0.99), np.float64(0.99), np.float64(0.99), np.float64(0.99), np.float64(0.99), np.float64(0.99), np.float64(0.99), np.float64(0.99), np.float64(0.99), np.float64(0.99), np.float64(0.99), np.float64(0.99), np.float64(0.99), np.float64(0.99), np.float64(0.99), np.float64(0.99), np.float64(0.99), np.float64(0.99), np.float64(0.99), np.float64(0.99), np.float64(0.99), np.float64(0.99), np.float64(0.99), np.float64(0.99), np.float64(0.99), np.float64(0.99)]","[np.float64(0.007), np.float64(0.006)]","[np.float64(1.0), np.float64(1.0), np.float64(0.01), np.float64(0.01)]",1.0,1.0,0.01,0.01,
2022-02-07,0,138,327,Bpod5,550,267,283,275,265,505,250,255,279,223,35,10,25,0.9181818181818182,0.9363295880149812,0.901060070671378,540,260,280,308,160,148,0.5818181818181818,0.5584905660377358,229,114,115,0.41454545454545455,0.4339622641509434,0.9351851851851852,0.9615384615384616,0.9107142857142857,0.9351851851851852,-0.050824175824175866,0.9058441558441559,0.9737991266375546,-0.06795497079339874,0.5701543739279589,0.424253859348199,10,7,3,0.01818181818181818,0.026217228464419477,0.01060070671378092,505,250,255,1262.5,625.0,637.5,3.0,0,0,0,0.0,,"psych_curve(xdata=array([-70.,  70.]), ydata=[np.float64(0.038), np.float64(0.911)], fit=[np.float64(0.04), np.float64(0.04), np.float64(0.04), np.float64(0.04), np.float64(0.04), np.float64(0.04), np.float64(0.04), np.float64(0.04), np.float64(0.04), np.float64(0.04), np.float64(0.04), np.float64(0.04), np.float64(0.04), np.float64(0.04), np.float64(0.04), np.float64(0.04), np.float64(0.04), np.float64(0.04), np.float64(0.04), np.float64(0.04), np.float64(0.04), np.float64(0.04), np.float64(0.04), np.float64(0.04), np.float64(0.04), np.float64(0.04), np.float64(0.04), np.float64(0.04), np.float64(0.04), np.float64(0.04), np.float64(0.04), np.float64(0.04), np.float64(0.04), np.float64(0.04), np.float64(0.04), np.float64(0.04), np.float64(0.04), np.float64(0.04), np.float64(0.04), np.float64(0.04), np.float64(0.04), np.float64(0.04), np.float64(0.04), np.float64(0.04), np.float64(0.04), np.float64(0.041), np.float64(0.042), np.float64(0.049), np.float64(0.077), np.float64(0.174), np.float64(0.412), np.float64(0.696), np.float64(0.846), np.float64(0.894), np.float64(0.906), np.float64(0.909), np.float64(0.91), np.float64(0.91), np.float64(0.91), np.float64(0.91), np.float64(0.91), np.float64(0.91), np.float64(0.91), np.float64(0.91), np.float64(0.91), np.float64(0.91), np.float64(0.91), np.float64(0.91), np.float64(0.91), np.float64(0.91), np.float64(0.91), np.float64(0.91), np.float64(0.91), np.float64(0.91), np.float64(0.91), np.float64(0.91), np.float64(0.91), np.float64(0.91), np.float64(0.91), np.float64(0.91), np.float64(0.91), np.float64(0.91), np.float64(0.91), np.float64(0.91), np.float64(0.91), np.float64(0.91), np.float64(0.91), np.float64(0.91), np.float64(0.91), np.float64(0.91), np.float64(0.91), np.float64(0.91), np.float64(0.91), np.float64(0.91), np.float64(0.91), np.float64(0.91), np.float64(0.91), np.float64(0.91), np.float64(0.91), np.float64(0.91)], params=[np.float64(1.0), np.float64(1.0), np.float64(0.04), np.float64(0.09)], fit_error=[np.float64(0.012), np.float64(0.017)])",[-70.  70.],"[np.float64(0.038), np.float64(0.911)]","[np.float64(0.04), np.float64(0.04), np.float64(0.04), np.float64(0.04), np.float64(0.04), np.float64(0.04), np.float64(0.04), np.float64(0.04), np.float64(0.04), np.float64(0.04), np.float64(0.04), np.float64(0.04), np.float64(0.04), np.float64(0.04), np.float64(0.04), np.float64(0.04), np.float64(0.04), np.float64(0.04), np.float64(0.04), np.float64(0.04), np.float64(0.04), np.float64(0.04), np.float64(0.04), np.float64(0.04), np.float64(0.04), np.float64(0.04), np.float64(0.04), np.float64(0.04), np.float64(0.04), np.float64(0.04), np.float64(0.04), np.float64(0.04), np.float64(0.04), np.float64(0.04), np.float64(0.04), np.float64(0.04), np.float64(0.04), np.float64(0.04), np.float64(0.04), np.float64(0.04), np.float64(0.04), np.float64(0.04), np.float64(0.04), np.float64(0.04), np.float64(0.04), np.float64(0.041), np.float64(0.042), np.float64(0.049), np.float64(0.077), np.float64(0.174), np.float64(0.412), np.float64(0.696), np.float64(0.846), np.float64(0.894), np.float64(0.906), np.float64(0.909), np.float64(0.91), np.float64(0.91), np.float64(0.91), np.float64(0.91), np.float64(0.91), np.float64(0.91), np.float64(0.91), np.float64(0.91), np.float64(0.91), np.float64(0.91), np.float64(0.91), np.float64(0.91), np.float64(0.91), np.float64(0.91), np.float64(0.91), np.float64(0.91), np.float64(0.91), np.float64(0.91), np.float64(0.91), np.float64(0.91), np.float64(0.91), np.float64(0.91), np.float64(0.91), np.float64(0.91), np.float64(0.91), np.float64(0.91), np.float64(0.91), np.float64(0.91), np.float64(0.91), np.float64(0.91), np.float64(0.91), np.float64(0.91), np.float64(0.91), np.float64(0.91), np.float64(0.91), np.float64(0.91), np.float64(0.91), np.float64(0.91), np.float64(0.91), np.float64(0.91), np.float64(0.91), np.float64(0.91), np.float64(0.91), np.float64(0.91)]","[np.float64(0.012), np.float64(0.017)]","[np.float64(1.0), np.float64(1.0), np.float64(0.04), np.float64(0.09)]",1.0,1.0,0.04,0.09,"psych_curve(xdata=array([-70.,  70.]), ydata=[np.float64(0.115), np.float64(0.979)], fit=[np.float64(nan), np.float64(nan), np.float64(nan), np.float64(nan), np.float64(nan), np.float64(nan), np.float64(nan), np.float64(nan), np.float64(nan), np.float64(nan), np.float64(nan), np.float64(nan), np.float64(nan), np.float64(nan), np.float64(nan), np.float64(nan), np.float64(nan), np.float64(nan), np.float64(nan), np.float64(nan), np.float64(nan), np.float64(nan), np.float64(nan), np.float64(nan), np.float64(nan), np.float64(nan), np.float64(nan), np.float64(nan), np.float64(nan), np.float64(nan), np.float64(nan), np.float64(nan), np.float64(nan), np.float64(nan), np.float64(nan), np.float64(nan), np.float64(nan), np.float64(nan), np.float64(nan), np.float64(nan), np.float64(nan), np.float64(nan), np.float64(nan), np.float64(nan), np.float64(nan), np.float64(nan), np.float64(nan), np.float64(nan), np.float64(nan), np.float64(nan), np.float64(nan), np.float64(nan), np.float64(nan), np.float64(nan), np.float64(nan), np.float64(nan), np.float64(nan), np.float64(nan), np.float64(nan), np.float64(nan), np.float64(nan), np.float64(nan), np.float64(nan), np.float64(nan), np.float64(nan), np.float64(nan), np.float64(nan), np.float64(nan), np.float64(nan), np.float64(nan), np.float64(nan), np.float64(nan), np.float64(nan), np.float64(nan), np.float64(nan), np.float64(nan), np.float64(nan), np.float64(nan), np.float64(nan), np.float64(nan), np.float64(nan), np.float64(nan), np.float64(nan), np.float64(nan), np.float64(nan), np.float64(nan), np.float64(nan), np.float64(nan), np.float64(nan), np.float64(nan), np.float64(nan), np.float64(nan), np.float64(nan), np.float64(nan), np.float64(nan), np.float64(nan), np.float64(nan), np.float64(nan), np.float64(nan), np.float64(nan)], params=[np.float64(1.0), np.float64(1.0), np.float64(0.11), np.float64(0.02)], fit_error=[np.float64(0.02), np.float64(0.009)])",[-70.  70.],"[np.float64(0.038), np.float64(0.911)]","[np.float64(0.04), np.float64(0.04), np.float64(0.04), np.float64(0.04), np.float64(0.04), np.float64(0.04), np.float64(0.04), np.float64(0.04), np.float64(0.04), np.float64(0.04), np.float64(0.04), np.float64(0.04), np.float64(0.04), np.float64(0.04), np.float64(0.04), np.float64(0.04), np.float64(0.04), np.float64(0.04), np.float64(0.04), np.float64(0.04), np.float64(0.04), np.float64(0.04), np.float64(0.04), np.float64(0.04), np.float64(0.04), np.float64(0.04), np.float64(0.04), np.float64(0.04), np.float64(0.04), np.float64(0.04), np.float64(0.04), np.float64(0.04), np.float64(0.04), np.float64(0.04), np.float64(0.04), np.float64(0.04), np.float64(0.04), np.float64(0.04), np.float64(0.04), np.float64(0.04), np.float64(0.04), np.float64(0.04), np.float64(0.04), np.float64(0.04), np.float64(0.04), np.float64(0.041), np.float64(0.042), np.float64(0.049), np.float64(0.077), np.float64(0.174), np.float64(0.412), np.float64(0.696), np.float64(0.846), np.float64(0.894), np.float64(0.906), np.float64(0.909), np.float64(0.91), np.float64(0.91), np.float64(0.91), np.float64(0.91), np.float64(0.91), np.float64(0.91), np.float64(0.91), np.float64(0.91), np.float64(0.91), np.float64(0.91), np.float64(0.91), np.float64(0.91), np.float64(0.91), np.float64(0.91), np.float64(0.91), np.float64(0.91), np.float64(0.91), np.float64(0.91), np.float64(0.91), np.float64(0.91), np.float64(0.91), np.float64(0.91), np.float64(0.91), np.float64(0.91), np.float64(0.91), np.float64(0.91), np.float64(0.91), np.float64(0.91), np.float64(0.91), np.float64(0.91), np.float64(0.91), np.float64(0.91), np.float64(0.91), np.float64(0.91), np.float64(0.91), np.float64(0.91), np.float64(0.91), np.float64(0.91), np.float64(0.91), np.float64(0.91), np.float64(0.91), np.float64(0.91), np.float64(0.91), np.float64(0.91)]","[np.float64(0.012), np.float64(0.017)]","[np.float64(1.0), np.float64(1.0), np.float64(0.11), np.float64(0.02)]",1.0,1.0,0.11,0.02,
2022-02-09,2,140,327,Bpod5,636,324,312,335,292,520,274,246,274,245,107,46,61,0.8176100628930818,0.845679012345679,0.7884615384615384,627,320,307,357,200,157,0.5970149253731343,0.5376712328767124,269,135,134,0.40298507462686567,0.4589041095890411,0.8293460925039873,0.85625,0.8013029315960912,0.8293460925039873,-0.05494706840390873,0.7675070028011205,0.9107806691449815,-0.14327366634386096,0.5673430791249233,0.4309445921079534,9,4,5,0.014150943396226415,0.012345679012345678,0.016025641025641024,520,274,246,1300.0,685.0,615.0,3.0,0,0,0,0.0,,"psych_curve(xdata=array([-70.,  70.]), ydata=[np.float64(0.144), np.float64(0.801)], fit=[np.float64(0.14), np.float64(0.14), np.float64(0.14), np.float64(0.14), np.float64(0.14), np.float64(0.14), np.float64(0.14), np.float64(0.14), np.float64(0.14), np.float64(0.14), np.float64(0.14), np.float64(0.14), np.float64(0.14), np.float64(0.14), np.float64(0.14), np.float64(0.14), np.float64(0.14), np.float64(0.14), np.float64(0.14), np.float64(0.14), np.float64(0.14), np.float64(0.14), np.float64(0.14), np.float64(0.14), np.float64(0.14), np.float64(0.14), np.float64(0.14), np.float64(0.14), np.float64(0.14), np.float64(0.14), np.float64(0.14), np.float64(0.14), np.float64(0.14), np.float64(0.14), np.float64(0.14), np.float64(0.14), np.float64(0.14), np.float64(0.14), np.float64(0.14), np.float64(0.14), np.float64(0.14), np.float64(0.14), np.float64(0.14), np.float64(0.14), np.float64(0.14), np.float64(0.14), np.float64(0.142), np.float64(0.147), np.float64(0.168), np.float64(0.241), np.float64(0.422), np.float64(0.638), np.float64(0.752), np.float64(0.788), np.float64(0.797), np.float64(0.799), np.float64(0.8), np.float64(0.8), np.float64(0.8), np.float64(0.8), np.float64(0.8), np.float64(0.8), np.float64(0.8), np.float64(0.8), np.float64(0.8), np.float64(0.8), np.float64(0.8), np.float64(0.8), np.float64(0.8), np.float64(0.8), np.float64(0.8), np.float64(0.8), np.float64(0.8), np.float64(0.8), np.float64(0.8), np.float64(0.8), np.float64(0.8), np.float64(0.8), np.float64(0.8), np.float64(0.8), np.float64(0.8), np.float64(0.8), np.float64(0.8), np.float64(0.8), np.float64(0.8), np.float64(0.8), np.float64(0.8), np.float64(0.8), np.float64(0.8), np.float64(0.8), np.float64(0.8), np.float64(0.8), np.float64(0.8), np.float64(0.8), np.float64(0.8), np.float64(0.8), np.float64(0.8), np.float64(0.8), np.float64(0.8), np.float64(0.8)], params=[np.float64(1.0), np.float64(1.0), np.float64(0.14), np.float64(0.2)], fit_error=[np.float64(0.02), np.float64(0.023)])",[-70.  70.],"[np.float64(0.144), np.float64(0.801)]","[np.float64(0.14), np.float64(0.14), np.float64(0.14), np.float64(0.14), np.float64(0.14), np.float64(0.14), np.float64(0.14), np.float64(0.14), np.float64(0.14), np.float64(0.14), np.float64(0.14), np.float64(0.14), np.float64(0.14), np.float64(0.14), np.float64(0.14), np.float64(0.14), np.float64(0.14), np.float64(0.14), np.float64(0.14), np.float64(0.14), np.float64(0.14), np.float64(0.14), np.float64(0.14), np.float64(0.14), np.float64(0.14), np.float64(0.14), np.float64(0.14), np.float64(0.14), np.float64(0.14), np.float64(0.14), np.float64(0.14), np.float64(0.14), np.float64(0.14), np.float64(0.14), np.float64(0.14), np.float64(0.14), np.float64(0.14), np.float64(0.14), np.float64(0.14), np.float64(0.14), np.float64(0.14), np.float64(0.14), np.float64(0.14), np.float64(0.14), np.float64(0.14), np.float64(0.14), np.float64(0.142), np.float64(0.147), np.float64(0.168), np.float64(0.241), np.float64(0.422), np.float64(0.638), np.float64(0.752), np.float64(0.788), np.float64(0.797), np.float64(0.799), np.float64(0.8), np.float64(0.8), np.float64(0.8), np.float64(0.8), np.float64(0.8), np.float64(0.8), np.float64(0.8), np.float64(0.8), np.float64(0.8), np.float64(0.8), np.float64(0.8), np.float64(0.8), np.float64(0.8), np.float64(0.8), np.float64(0.8), np.float64(0.8), np.float64(0.8), np.float64(0.8), np.float64(0.8), np.float64(0.8), np.float64(0.8), np.float64(0.8), np.float64(0.8), np.float64(0.8), np.float64(0.8), np.float64(0.8), np.float64(0.8), np.float64(0.8), np.float64(0.8), np.float64(0.8), np.float64(0.8), np.float64(0.8), np.float64(0.8), np.float64(0.8), np.float64(0.8), np.float64(0.8), np.float64(0.8), np.float64(0.8), np.float64(0.8), np.float64(0.8), np.float64(0.8), np.float64(0.8), np.float64(0.8), np.float64(0.8)]","[np.float64(0.02), np.float64(0.023)]","[np.float64(1.0), np.float64(1.0), np.float64(0.14), np.float64(0.2)]",1.0,1.0,0.14,0.2,"psych_curve(xdata=array([-70.,  70.]), ydata=[np.float64(0.253), np.float64(0.919)], fit=[np.float64(nan), np.float64(nan), np.float64(nan), np.float64(nan), np.float64(nan), np.float64(nan), np.float64(nan), np.float64(nan), np.float64(nan), np.float64(nan), np.float64(nan), np.float64(nan), np.float64(nan), np.float64(nan), np.float64(nan), np.float64(nan), np.float64(nan), np.float64(nan), np.float64(nan), np.float64(nan), np.float64(nan), np.float64(nan), np.float64(nan), np.float64(nan), np.float64(nan), np.float64(nan), np.float64(nan), np.float64(nan), np.float64(nan), np.float64(nan), np.float64(nan), np.float64(nan), np.float64(nan), np.float64(nan), np.float64(nan), np.float64(nan), np.float64(nan), np.float64(nan), np.float64(nan), np.float64(nan), np.float64(nan), np.float64(nan), np.float64(nan), np.float64(nan), np.float64(nan), np.float64(nan), np.float64(nan), np.float64(nan), np.float64(nan), np.float64(nan), np.float64(nan), np.float64(nan), np.float64(nan), np.float64(nan), np.float64(nan), np.float64(nan), np.float64(nan), np.float64(nan), np.float64(nan), np.float64(nan), np.float64(nan), np.float64(nan), np.float64(nan), np.float64(nan), np.float64(nan), np.float64(nan), np.float64(nan), np.float64(nan), np.float64(nan), np.float64(nan), np.float64(nan), np.float64(nan), np.float64(nan), np.float64(nan), np.float64(nan), np.float64(nan), np.float64(nan), np.float64(nan), np.float64(nan), np.float64(nan), np.float64(nan), np.float64(nan), np.float64(nan), np.float64(nan), np.float64(nan), np.float64(nan), np.float64(nan), np.float64(nan), np.float64(nan), np.float64(nan), np.float64(nan), np.float64(nan), np.float64(nan), np.float64(nan), np.float64(nan), np.float64(nan), np.float64(nan), np.float64(nan), np.float64(nan), np.float64(nan)], params=[np.float64(1.0), np.float64(1.0), np.float64(0.25), np.float64(0.08)], fit_error=[np.float64(0.024), np.float64(0.016)])",[-70.  70.],"[np.float64(0.144), np.float64(0.801)]","[np.float64(0.14), np.float64(0.14), np.float64(0.14), np.float64(0.14), np.float64(0.14), np.float64(0.14), np.float64(0.14), np.float64(0.14), np.float64(0.14), np.float64(0.14), np.float64(0.14), np.float64(0.14), np.float64(0.14), np.float64(0.14), np.float64(0.14), np.float64(0.14), np.float64(0.14), np.float64(0.14), np.float64(0.14), np.float64(0.14), np.float64(0.14), np.float64(0.14), np.float64(0.14), np.float64(0.14), np.float64(0.14), np.float64(0.14), np.float64(0.14), np.float64(0.14), np.float64(0.14), np.float64(0.14), np.float64(0.14), np.float64(0.14), np.float64(0.14), np.float64(0.14), np.float64(0.14), np.float64(0.14), np.float64(0.14), np.float64(0.14), np.float64(0.14), np.float64(0.14), np.float64(0.14), np.float64(0.14), np.float64(0.14), np.float64(0.14), np.float64(0.14), np.float64(0.14), np.float64(0.142), np.float64(0.147), np.float64(0.168), np.float64(0.241), np.float64(0.422), np.float64(0.638), np.float64(0.752), np.float64(0.788), np.float64(0.797), np.float64(0.799), np.float64(0.8), np.float64(0.8), np.float64(0.8), np.float64(0.8), np.float64(0.8), np.float64(0.8), np.float64(0.8), np.float64(0.8), np.float64(0.8), np.float64(0.8), np.float64(0.8), np.float64(0.8), np.float64(0.8), np.float64(0.8), np.float64(0.8), np.float64(0.8), np.float64(0.8), np.float64(0.8), np.float64(0.8), np.float64(0.8), np.float64(0.8), np.float64(0.8), np.float64(0.8), np.float64(0.8), np.float64(0.8), np.float64(0.8), np.float64(0.8), np.float64(0.8), np.float64(0.8), np.float64(0.8), np.float64(0.8), np.float64(0.8), np.float64(0.8), np.float64(0.8), np.float64(0.8), np.float64(0.8), np.float64(0.8), np.float64(0.8), np.float64(0.8), np.float64(0.8), np.float64(0.8), np.float64(0.8), np.float64(0.8), np.float64(0.8)]","[np.float64(0.02), np.float64(0.023)]","[np.float64(1.0), np.float64(1.0), np.float64(0.25), np.float64(0.08)]",1.0,1.0,0.25,0.08,
2022-02-10,3,141,327,Bpod5,528,261,267,229,267,479,226,253,246,225,17,14,3,0.9071969696969697,0.8659003831417624,0.947565543071161,496,240,256,261,113,148,0.49344978165938863,0.5543071161048689,226,112,114,0.4890829694323144,0.42696629213483145,0.9657258064516129,0.9416666666666667,0.98828125,0.9657258064516129,0.04661458333333335,0.9425287356321839,0.995575221238938,-0.05304648560675418,0.5238784488821288,0.4580246307835729,32,21,11,0.06060606060606061,0.08045977011494253,0.04119850187265917,479,226,253,1197.5,565.0,632.5,3.0,0,0,0,0.0,,"psych_curve(xdata=array([-70.,  70.]), ydata=[np.float64(0.058), np.float64(0.988)], fit=[np.float64(0.06), np.float64(0.06), np.float64(0.06), np.float64(0.06), np.float64(0.06), np.float64(0.06), np.float64(0.06), np.float64(0.06), np.float64(0.06), np.float64(0.06), np.float64(0.06), np.float64(0.06), np.float64(0.06), np.float64(0.06), np.float64(0.06), np.float64(0.06), np.float64(0.06), np.float64(0.06), np.float64(0.06), np.float64(0.06), np.float64(0.06), np.float64(0.06), np.float64(0.06), np.float64(0.06), np.float64(0.06), np.float64(0.06), np.float64(0.06), np.float64(0.06), np.float64(0.06), np.float64(0.06), np.float64(0.06), np.float64(0.06), np.float64(0.06), np.float64(0.06), np.float64(0.06), np.float64(0.06), np.float64(0.06), np.float64(0.06), np.float64(0.06), np.float64(0.06), np.float64(0.06), np.float64(0.06), np.float64(0.06), np.float64(0.06), np.float64(0.06), np.float64(0.061), np.float64(0.062), np.float64(0.07), np.float64(0.099), np.float64(0.203), np.float64(0.457), np.float64(0.761), np.float64(0.922), np.float64(0.972), np.float64(0.986), np.float64(0.989), np.float64(0.99), np.float64(0.99), np.float64(0.99), np.float64(0.99), np.float64(0.99), np.float64(0.99), np.float64(0.99), np.float64(0.99), np.float64(0.99), np.float64(0.99), np.float64(0.99), np.float64(0.99), np.float64(0.99), np.float64(0.99), np.float64(0.99), np.float64(0.99), np.float64(0.99), np.float64(0.99), np.float64(0.99), np.float64(0.99), np.float64(0.99), np.float64(0.99), np.float64(0.99), np.float64(0.99), np.float64(0.99), np.float64(0.99), np.float64(0.99), np.float64(0.99), np.float64(0.99), np.float64(0.99), np.float64(0.99), np.float64(0.99), np.float64(0.99), np.float64(0.99), np.float64(0.99), np.float64(0.99), np.float64(0.99), np.float64(0.99), np.float64(0.99), np.float64(0.99), np.float64(0.99), np.float64(0.99), np.float64(0.99), np.float64(0.99)], params=[np.float64(1.0), np.float64(1.0), np.float64(0.06), np.float64(0.01)], fit_error=[np.float64(0.015), np.float64(0.007)])",[-70.  70.],"[np.float64(0.058), np.float64(0.988)]","[np.float64(0.06), np.float64(0.06), np.float64(0.06), np.float64(0.06), np.float64(0.06), np.float64(0.06), np.float64(0.06), np.float64(0.06), np.float64(0.06), np.float64(0.06), np.float64(0.06), np.float64(0.06), np.float64(0.06), np.float64(0.06), np.float64(0.06), np.float64(0.06), np.float64(0.06), np.float64(0.06), np.float64(0.06), np.float64(0.06), np.float64(0.06), np.float64(0.06), np.float64(0.06), np.float64(0.06), np.float64(0.06), np.float64(0.06), np.float64(0.06), np.float64(0.06), np.float64(0.06), np.float64(0.06), np.float64(0.06), np.float64(0.06), np.float64(0.06), np.float64(0.06), np.float64(0.06), np.float64(0.06), np.float64(0.06), np.float64(0.06), np.float64(0.06), np.float64(0.06), np.float64(0.06), np.float64(0.06), np.float64(0.06), np.float64(0.06), np.float64(0.06), np.float64(0.061), np.float64(0.062), np.float64(0.07), np.float64(0.099), np.float64(0.203), np.float64(0.457), np.float64(0.761), np.float64(0.922), np.float64(0.972), np.float64(0.986), np.float64(0.989), np.float64(0.99), np.float64(0.99), np.float64(0.99), np.float64(0.99), np.float64(0.99), np.float64(0.99), np.float64(0.99), np.float64(0.99), np.float64(0.99), np.float64(0.99), np.float64(0.99), np.float64(0.99), np.float64(0.99), np.float64(0.99), np.float64(0.99), np.float64(0.99), np.float64(0.99), np.float64(0.99), np.float64(0.99), np.float64(0.99), np.float64(0.99), np.float64(0.99), np.float64(0.99), np.float64(0.99), np.float64(0.99), np.float64(0.99), np.float64(0.99), np.float64(0.99), np.float64(0.99), np.float64(0.99), np.float64(0.99), np.float64(0.99), np.float64(0.99), np.float64(0.99), np.float64(0.99), np.float64(0.99), np.float64(0.99), np.float64(0.99), np.float64(0.99), np.float64(0.99), np.float64(0.99), np.float64(0.99), np.float64(0.99), np.float64(0.99)]","[np.float64(0.015), np.float64(0.007)]","[np.float64(1.0), np.float64(1.0), np.float64(0.06), np.float64(0.01)]",1.0,1.0,0.06,0.01,"psych_curve(xdata=array([-70.,  70.]), ydata=[np.float64(0.062), np.float64(0.996)], fit=[np.float64(nan), np.float64(nan), np.float64(nan), np.float64(nan), np.float64(nan), np.float64(nan), np.float64(nan), np.float64(nan), np.float64(nan), np.float64(nan), np.float64(nan), np.float64(nan), np.float64(nan), np.float64(nan), np.float64(nan), np.float64(nan), np.float64(nan), np.float64(nan), np.float64(nan), np.float64(nan), np.float64(nan), np.float64(nan), np.float64(nan), np.float64(nan), np.float64(nan), np.float64(nan), np.float64(nan), np.float64(nan), np.float64(nan), np.float64(nan), np.float64(nan), np.float64(nan), np.float64(nan), np.float64(nan), np.float64(nan), np.float64(nan), np.float64(nan), np.float64(nan), np.float64(nan), np.float64(nan), np.float64(nan), np.float64(nan), np.float64(nan), np.float64(nan), np.float64(nan), np.float64(nan), np.float64(nan), np.float64(nan), np.float64(nan), np.float64(nan), np.float64(nan), np.float64(nan), np.float64(nan), np.float64(nan), np.float64(nan), np.float64(nan), np.float64(nan), np.float64(nan), np.float64(nan), np.float64(nan), np.float64(nan), np.float64(nan), np.float64(nan), np.float64(nan), np.float64(nan), np.float64(nan), np.float64(nan), np.float64(nan), np.float64(nan), np.float64(nan), np.float64(nan), np.float64(nan), np.float64(nan), np.float64(nan), np.float64(nan), np.float64(nan), np.float64(nan), np.float64(nan), np.float64(nan), np.float64(nan), np.float64(nan), np.float64(nan), np.float64(nan), np.float64(nan), np.float64(nan), np.float64(nan), np.float64(nan), np.float64(nan), np.float64(nan), np.float64(nan), np.float64(nan), np.float64(nan), np.float64(nan), np.float64(nan), np.float64(nan), np.float64(nan), np.float64(nan), np.float64(nan), np.float64(nan), np.float64(nan)], params=[np.float64(1.0), np.float64(1.0), np.float64(0.06), np.float64(0.0)], fit_error=[np.float64(0.016), np.float64(0.004)])",[-70.  70.],"[np.float64(0.058), np.float64(0.988)]","[np.float64(0.06), np.float64(0.06), np.float64(0.06), np.float64(0.06), np.float64(0.06), np.float64(0.06), np.float64(0.06), np.float64(0.06), np.float64(0.06), np.float64(0.06), np.float64(0.06), np.float64(0.06), np.float64(0.06), np.float64(0.06), np.float64(0.06), np.float64(0.06), np.float64(0.06), np.float64(0.06), np.float64(0.06), np.float64(0.06), np.float64(0.06), np.float64(0.06), np.float64(0.06), np.float64(0.06), np.float64(0.06), np.float64(0.06), np.float64(0.06), np.float64(0.06), np.float64(0.06), np.float64(0.06), np.float64(0.06), np.float64(0.06), np.float64(0.06), np.float64(0.06), np.float64(0.06), np.float64(0.06), np.float64(0.06), np.float64(0.06), np.float64(0.06), np.float64(0.06), np.float64(0.06), np.float64(0.06), np.float64(0.06), np.float64(0.06), np.float64(0.06), np.float64(0.061), np.float64(0.062), np.float64(0.07), np.float64(0.099), np.float64(0.203), np.float64(0.457), np.float64(0.761), np.float64(0.922), np.float64(0.972), np.float64(0.986), np.float64(0.989), np.float64(0.99), np.float64(0.99), np.float64(0.99), np.float64(0.99), np.float64(0.99), np.float64(0.99), np.float64(0.99), np.float64(0.99), np.float64(0.99), np.float64(0.99), np.float64(0.99), np.float64(0.99), np.float64(0.99), np.float64(0.99), np.float64(0.99), np.float64(0.99), np.float64(0.99), np.float64(0.99), np.float64(0.99), np.float64(0.99), np.float64(0.99), np.float64(0.99), np.float64(0.99), np.float64(0.99), np.float64(0.99), np.float64(0.99), np.float64(0.99), np.float64(0.99), np.float64(0.99), np.float64(0.99), np.float64(0.99), np.float64(0.99), np.float64(0.99), np.float64(0.99), np.float64(0.99), np.float64(0.99), np.float64(0.99), np.float64(0.99), np.float64(0.99), np.float64(0.99), np.float64(0.99), np.float64(0.99), np.float64(0.99), np.float64(0.99)]","[np.float64(0.015), np.float64(0.007)]","[np.float64(1.0), np.float64(1.0), np.float64(0.06), np.float64(0.0)]",1.0,1.0,0.06,0.0,
2022-02-11,4,142,327,Bpod5,512,257,255,243,241,443,219,224,222,203,41,17,24,0.865234375,0.8521400778210116,0.8784313725490196,484,236,248,252,130,122,0.5349794238683128,0.5062240663900415,213,105,108,0.43209876543209874,0.44813278008298757,0.9152892561983471,0.9279661016949152,0.9032258064516129,0.9152892561983471,-0.024740295243302346,0.8809523809523809,0.9530516431924883,-0.07209926224010732,0.5206017451291771,0.44011577275754316,28,21,7,0.0546875,0.08171206225680934,0.027450980392156862,443,219,224,1107.5,547.5,560.0,3.0,0,0,0,0.0,,"psych_curve(xdata=array([-70.,  70.]), ydata=[np.float64(0.072), np.float64(0.903)], fit=[np.float64(0.07), np.float64(0.07), np.float64(0.07), np.float64(0.07), np.float64(0.07), np.float64(0.07), np.float64(0.07), np.float64(0.07), np.float64(0.07), np.float64(0.07), np.float64(0.07), np.float64(0.07), np.float64(0.07), np.float64(0.07), np.float64(0.07), np.float64(0.07), np.float64(0.07), np.float64(0.07), np.float64(0.07), np.float64(0.07), np.float64(0.07), np.float64(0.07), np.float64(0.07), np.float64(0.07), np.float64(0.07), np.float64(0.07), np.float64(0.07), np.float64(0.07), np.float64(0.07), np.float64(0.07), np.float64(0.07), np.float64(0.07), np.float64(0.07), np.float64(0.07), np.float64(0.07), np.float64(0.07), np.float64(0.07), np.float64(0.07), np.float64(0.07), np.float64(0.07), np.float64(0.07), np.float64(0.07), np.float64(0.07), np.float64(0.07), np.float64(0.07), np.float64(0.071), np.float64(0.072), np.float64(0.079), np.float64(0.105), np.float64(0.197), np.float64(0.425), np.float64(0.696), np.float64(0.839), np.float64(0.884), np.float64(0.896), np.float64(0.899), np.float64(0.9), np.float64(0.9), np.float64(0.9), np.float64(0.9), np.float64(0.9), np.float64(0.9), np.float64(0.9), np.float64(0.9), np.float64(0.9), np.float64(0.9), np.float64(0.9), np.float64(0.9), np.float64(0.9), np.float64(0.9), np.float64(0.9), np.float64(0.9), np.float64(0.9), np.float64(0.9), np.float64(0.9), np.float64(0.9), np.float64(0.9), np.float64(0.9), np.float64(0.9), np.float64(0.9), np.float64(0.9), np.float64(0.9), np.float64(0.9), np.float64(0.9), np.float64(0.9), np.float64(0.9), np.float64(0.9), np.float64(0.9), np.float64(0.9), np.float64(0.9), np.float64(0.9), np.float64(0.9), np.float64(0.9), np.float64(0.9), np.float64(0.9), np.float64(0.9), np.float64(0.9), np.float64(0.9), np.float64(0.9), np.float64(0.9)], params=[np.float64(1.0), np.float64(1.0), np.float64(0.07), np.float64(0.1)], fit_error=[np.float64(0.017), np.float64(0.019)])",[-70.  70.],"[np.float64(0.072), np.float64(0.903)]","[np.float64(0.07), np.float64(0.07), np.float64(0.07), np.float64(0.07), np.float64(0.07), np.float64(0.07), np.float64(0.07), np.float64(0.07), np.float64(0.07), np.float64(0.07), np.float64(0.07), np.float64(0.07), np.float64(0.07), np.float64(0.07), np.float64(0.07), np.float64(0.07), np.float64(0.07), np.float64(0.07), np.float64(0.07), np.float64(0.07), np.float64(0.07), np.float64(0.07), np.float64(0.07), np.float64(0.07), np.float64(0.07), np.float64(0.07), np.float64(0.07), np.float64(0.07), np.float64(0.07), np.float64(0.07), np.float64(0.07), np.float64(0.07), np.float64(0.07), np.float64(0.07), np.float64(0.07), np.float64(0.07), np.float64(0.07), np.float64(0.07), np.float64(0.07), np.float64(0.07), np.float64(0.07), np.float64(0.07), np.float64(0.07), np.float64(0.07), np.float64(0.07), np.float64(0.071), np.float64(0.072), np.float64(0.079), np.float64(0.105), np.float64(0.197), np.float64(0.425), np.float64(0.696), np.float64(0.839), np.float64(0.884), np.float64(0.896), np.float64(0.899), np.float64(0.9), np.float64(0.9), np.float64(0.9), np.float64(0.9), np.float64(0.9), np.float64(0.9), np.float64(0.9), np.float64(0.9), np.float64(0.9), np.float64(0.9), np.float64(0.9), np.float64(0.9), np.float64(0.9), np.float64(0.9), np.float64(0.9), np.float64(0.9), np.float64(0.9), np.float64(0.9), np.float64(0.9), np.float64(0.9), np.float64(0.9), np.float64(0.9), np.float64(0.9), np.float64(0.9), np.float64(0.9), np.float64(0.9), np.float64(0.9), np.float64(0.9), np.float64(0.9), np.float64(0.9), np.float64(0.9), np.float64(0.9), np.float64(0.9), np.float64(0.9), np.float64(0.9), np.float64(0.9), np.float64(0.9), np.float64(0.9), np.float64(0.9), np.float64(0.9), np.float64(0.9), np.float64(0.9), np.float64(0.9), np.float64(0.9)]","[np.float64(0.017), np.float64(0.019)]","[np.float64(1.0), np.float64(1.0), np.float64(0.07), np.float64(0.1)]",1.0,1.0,0.07,0.1,"psych_curve(xdata=array([-70.,  70.]), ydata=[np.float64(0.129), np.float64(0.957)], fit=[np.float64(nan), np.float64(nan), np.float64(nan), np.float64(nan), np.float64(nan), np.float64(nan), np.float64(nan), np.float64(nan), np.float64(nan), np.float64(nan), np.float64(nan), np.float64(nan), np.float64(nan), np.float64(nan), np.float64(nan), np.float64(nan), np.float64(nan), np.float64(nan), np.float64(nan), np.float64(nan), np.float64(nan), np.float64(nan), np.float64(nan), np.float64(nan), np.float64(nan), np.float64(nan), np.float64(nan), np.float64(nan), np.float64(nan), np.float64(nan), np.float64(nan), np.float64(nan), np.float64(nan), np.float64(nan), np.float64(nan), np.float64(nan), np.float64(nan), np.float64(nan), np.float64(nan), np.float64(nan), np.float64(nan), np.float64(nan), np.float64(nan), np.float64(nan), np.float64(nan), np.float64(nan), np.float64(nan), np.float64(nan), np.float64(nan), np.float64(nan), np.float64(nan), np.float64(nan), np.float64(nan), np.float64(nan), np.float64(nan), np.float64(nan), np.float64(nan), np.float64(nan), np.float64(nan), np.float64(nan), np.float64(nan), np.float64(nan), np.float64(nan), np.float64(nan), np.float64(nan), np.float64(nan), np.float64(nan), np.float64(nan), np.float64(nan), np.float64(nan), np.float64(nan), np.float64(nan), np.float64(nan), np.float64(nan), np.float64(nan), np.float64(nan), np.float64(nan), np.float64(nan), np.float64(nan), np.float64(nan), np.float64(nan), np.float64(nan), np.float64(nan), np.float64(nan), np.float64(nan), np.float64(nan), np.float64(nan), np.float64(nan), np.float64(nan), np.float64(nan), np.float64(nan), np.float64(nan), np.float64(nan), np.float64(nan), np.float64(nan), np.float64(nan), np.float64(nan), np.float64(nan), np.float64(nan), np.float64(nan)], params=[np.float64(1.0), np.float64(1.0), np.float64(0.13), np.float64(0.04)], fit_error=[np.float64(0.022), np.float64(0.013)])",[-70.  70.],"[np.float64(0.072), np.float64(0.903)]","[np.float64(0.07), np.float64(0.07), np.float64(0.07), np.float64(0.07), np.float64(0.07), np.float64(0.07), np.float64(0.07), np.float64(0.07), np.float64(0.07), np.float64(0.07), np.float64(0.07), np.float64(0.07), np.float64(0.07), np.float64(0.07), np.float64(0.07), np.float64(0.07), np.float64(0.07), np.float64(0.07), np.float64(0.07), np.float64(0.07), np.float64(0.07), np.float64(0.07), np.float64(0.07), np.float64(0.07), np.float64(0.07), np.float64(0.07), np.float64(0.07), np.float64(0.07), np.float64(0.07), np.float64(0.07), np.float64(0.07), np.float64(0.07), np.float64(0.07), np.float64(0.07), np.float64(0.07), np.float64(0.07), np.float64(0.07), np.float64(0.07), np.float64(0.07), np.float64(0.07), np.float64(0.07), np.float64(0.07), np.float64(0.07), np.float64(0.07), np.float64(0.07), np.float64(0.071), np.float64(0.072), np.float64(0.079), np.float64(0.105), np.float64(0.197), np.float64(0.425), np.float64(0.696), np.float64(0.839), np.float64(0.884), np.float64(0.896), np.float64(0.899), np.float64(0.9), np.float64(0.9), np.float64(0.9), np.float64(0.9), np.float64(0.9), np.float64(0.9), np.float64(0.9), np.float64(0.9), np.float64(0.9), np.float64(0.9), np.float64(0.9), np.float64(0.9), np.float64(0.9), np.float64(0.9), np.float64(0.9), np.float64(0.9), np.float64(0.9), np.float64(0.9), np.float64(0.9), np.float64(0.9), np.float64(0.9), np.float64(0.9), np.float64(0.9), np.float64(0.9), np.float64(0.9), np.float64(0.9), np.float64(0.9), np.float64(0.9), np.float64(0.9), np.float64(0.9), np.float64(0.9), np.float64(0.9), np.float64(0.9), np.float64(0.9), np.float64(0.9), np.float64(0.9), np.float64(0.9), np.float64(0.9), np.float64(0.9), np.float64(0.9), np.float64(0.9), np.float64(0.9), np.float64(0.9), np.float64(0.9)]","[np.float64(0.017), np.float64(0.019)]","[np.float64(1.0), np.float64(1.0), np.float64(0.13), np.float64(0.04)]",1.0,1.0,0.13,0.04,
2022-02-14,0,145,327,Bpod5,387,186,201,155,232,354,154,200,189,164,33,32,1,0.9147286821705426,0.8279569892473119,0.9950248756218906,387,186,201,218,70,148,0.45161290322580644,0.6379310344827587,168,84,84,0.5419354838709678,0.3620689655172414,0.9147286821705426,0.8279569892473119,0.9950248756218906,0.9230769230769231,0.1670678863745787,0.8669724770642202,0.9761904761904762,-0.10921799912625596,0.5447719688542826,0.45200222469410456,0,0,0,0.0,0.0,0.0,354,154,200,885.0,385.0,500.0,4.0,0,0,0,0.05,,"psych_curve(xdata=array([-70.,  -8.,  -2.,   0.,   2.,   4.,   8.,  70.]), ydata=[np.float64(0.155), np.float64(0.667), np.float64(1.0), np.float64(1.0), np.float64(1.0), np.float64(1.0), np.float64(1.0), np.float64(0.995)], fit=[np.float64(0.15), np.float64(0.15), np.float64(0.15), np.float64(0.15), np.float64(0.15), np.float64(0.15), np.float64(0.15), np.float64(0.15), np.float64(0.15), np.float64(0.15), np.float64(0.15), np.float64(0.15), np.float64(0.15), np.float64(0.15), np.float64(0.15), np.float64(0.15), np.float64(0.15), np.float64(0.15), np.float64(0.15), np.float64(0.15), np.float64(0.15), np.float64(0.15), np.float64(0.15), np.float64(0.15), np.float64(0.15), np.float64(0.15), np.float64(0.15), np.float64(0.15), np.float64(0.15), np.float64(0.15), np.float64(0.15), np.float64(0.15), np.float64(0.15), np.float64(0.15), np.float64(0.15), np.float64(0.15), np.float64(0.15), np.float64(0.15), np.float64(0.15), np.float64(0.15), np.float64(0.15), np.float64(0.151), np.float64(0.163), np.float64(0.283), np.float64(0.74), np.float64(0.97), np.float64(0.997), np.float64(1.0), np.float64(1.0), np.float64(1.0), np.float64(1.0), np.float64(1.0), np.float64(1.0), np.float64(1.0), np.float64(1.0), np.float64(1.0), np.float64(1.0), np.float64(1.0), np.float64(1.0), np.float64(1.0), np.float64(1.0), np.float64(1.0), np.float64(1.0), np.float64(1.0), np.float64(1.0), np.float64(1.0), np.float64(1.0), np.float64(1.0), np.float64(1.0), np.float64(1.0), np.float64(1.0), np.float64(1.0), np.float64(1.0), np.float64(1.0), np.float64(1.0), np.float64(1.0), np.float64(1.0), np.float64(1.0), np.float64(1.0), np.float64(1.0), np.float64(1.0), np.float64(1.0), np.float64(1.0), np.float64(1.0), np.float64(1.0), np.float64(1.0), np.float64(1.0), np.float64(1.0), np.float64(1.0), np.float64(1.0), np.float64(1.0), np.float64(1.0), np.float64(1.0), np.float64(1.0), np.float64(1.0), np.float64(1.0), np.float64(1.0), np.float64(1.0), np.float64(1.0), np.float64(1.0)], params=[np.float64(1.77), np.float64(-8.24), np.float64(0.15), np.float64(0.0)], fit_error=[np.float64(0.027), np.float64(0.333), np.float64(nan), np.float64(nan), np.float64(0.0), np.float64(nan), np.float64(0.0), np.float64(0.005)])",[-70.  -8.  -2.   0.   2.   4.   8.  70.],"[np.float64(0.155), np.float64(0.667), np.float64(1.0), np.float64(1.0), np.float64(1.0), np.float64(1.0), np.float64(1.0), np.float64(0.995)]","[np.float64(0.15), np.float64(0.15), np.float64(0.15), np.float64(0.15), np.float64(0.15), np.float64(0.15), np.float64(0.15), np.float64(0.15), np.float64(0.15), np.float64(0.15), np.float64(0.15), np.float64(0.15), np.float64(0.15), np.float64(0.15), np.float64(0.15), np.float64(0.15), np.float64(0.15), np.float64(0.15), np.float64(0.15), np.float64(0.15), np.float64(0.15), np.float64(0.15), np.float64(0.15), np.float64(0.15), np.float64(0.15), np.float64(0.15), np.float64(0.15), np.float64(0.15), np.float64(0.15), np.float64(0.15), np.float64(0.15), np.float64(0.15), np.float64(0.15), np.float64(0.15), np.float64(0.15), np.float64(0.15), np.float64(0.15), np.float64(0.15), np.float64(0.15), np.float64(0.15), np.float64(0.15), np.float64(0.151), np.float64(0.163), np.float64(0.283), np.float64(0.74), np.float64(0.97), np.float64(0.997), np.float64(1.0), np.float64(1.0), np.float64(1.0), np.float64(1.0), np.float64(1.0), np.float64(1.0), np.float64(1.0), np.float64(1.0), np.float64(1.0), np.float64(1.0), np.float64(1.0), np.float64(1.0), np.float64(1.0), np.float64(1.0), np.float64(1.0), np.float64(1.0), np.float64(1.0), np.float64(1.0), np.float64(1.0), np.float64(1.0), np.float64(1.0), np.float64(1.0), np.float64(1.0), np.float64(1.0), np.float64(1.0), np.float64(1.0), np.float64(1.0), np.float64(1.0), np.float64(1.0), np.float64(1.0), np.float64(1.0), np.float64(1.0), np.float64(1.0), np.float64(1.0), np.float64(1.0), np.float64(1.0), np.float64(1.0), np.float64(1.0), np.float64(1.0), np.float64(1.0), np.float64(1.0), np.float64(1.0), np.float64(1.0), np.float64(1.0), np.float64(1.0), np.float64(1.0), np.float64(1.0), np.float64(1.0), np.float64(1.0), np.float64(1.0), np.float64(1.0), np.float64(1.0), np.float64(1.0)]","[np.float64(0.027), np.float64(0.333), np.float64(nan), np.float64(nan), np.float64(0.0), np.float64(nan), np.float64(0.0), np.float64(0.005)]","[np.float64(1.77), np.float64(-8.24), np.float64(0.15), np.float64(0.0)]",1.77,-8.24,0.15,0.0,"psych_curve(xdata=array([-70.,  -8.,  -4.,  -2.,  -0.,   2.,   8.,  70.]), ydata=[np.float64(0.134), np.float64(0.667), np.float64(0.0), np.float64(0.5), np.float64(1.0), np.float64(1.0), np.float64(1.0), np.float64(0.979)], fit=[np.float64(nan), np.float64(nan), np.float64(nan), np.float64(nan), np.float64(nan), np.float64(nan), np.float64(nan), np.float64(nan), np.float64(nan), np.float64(nan), np.float64(nan), np.float64(nan), np.float64(nan), np.float64(nan), np.float64(nan), np.float64(nan), np.float64(nan), np.float64(nan), np.float64(nan), np.float64(nan), np.float64(nan), np.float64(nan), np.float64(nan), np.float64(nan), np.float64(nan), np.float64(nan), np.float64(nan), np.float64(nan), np.float64(nan), np.float64(nan), np.float64(nan), np.float64(nan), np.float64(nan), np.float64(nan), np.float64(nan), np.float64(nan), np.float64(nan), np.float64(nan), np.float64(nan), np.float64(nan), np.float64(nan), np.float64(nan), np.float64(nan), np.float64(nan), np.float64(nan), np.float64(nan), np.float64(nan), np.float64(nan), np.float64(nan), np.float64(nan), np.float64(nan), np.float64(nan), np.float64(nan), np.float64(nan), np.float64(nan), np.float64(nan), np.float64(nan), np.float64(nan), np.float64(nan), np.float64(nan), np.float64(nan), np.float64(nan), np.float64(nan), np.float64(nan), np.float64(nan), np.float64(nan), np.float64(nan), np.float64(nan), np.float64(nan), np.float64(nan), np.float64(nan), np.float64(nan), np.float64(nan), np.float64(nan), np.float64(nan), np.float64(nan), np.float64(nan), np.float64(nan), np.float64(nan), np.float64(nan), np.float64(nan), np.float64(nan), np.float64(nan), np.float64(nan), np.float64(nan), np.float64(nan), np.float64(nan), np.float64(nan), np.float64(nan), np.float64(nan), np.float64(nan), np.float64(nan), np.float64(nan), np.float64(nan), np.float64(nan), np.float64(nan), np.float64(nan), np.float64(nan), np.float64(nan), np.float64(nan)], params=[np.float64(8.3), np.float64(-1.91), np.float64(0.27), np.float64(0.01)], fit_error=[np.float64(0.025), np.float64(0.333), np.float64(nan), np.float64(0.5), np.float64(nan), np.float64(nan), np.float64(0.0), np.float64(0.01)])",[-70.  -8.  -2.   0.   2.   4.   8.  70.],"[np.float64(0.155), np.float64(0.667), np.float64(1.0), np.float64(1.0), np.float64(1.0), np.float64(1.0), np.float64(1.0), np.float64(0.995)]","[np.float64(0.15), np.float64(0.15), np.float64(0.15), np.float64(0.15), np.float64(0.15), np.float64(0.15), np.float64(0.15), np.float64(0.15), np.float64(0.15), np.float64(0.15), np.float64(0.15), np.float64(0.15), np.float64(0.15), np.float64(0.15), np.float64(0.15), np.float64(0.15), np.float64(0.15), np.float64(0.15), np.float64(0.15), np.float64(0.15), np.float64(0.15), np.float64(0.15), np.float64(0.15), np.float64(0.15), np.float64(0.15), np.float64(0.15), np.float64(0.15), np.float64(0.15), np.float64(0.15), np.float64(0.15), np.float64(0.15), np.float64(0.15), np.float64(0.15), np.float64(0.15), np.float64(0.15), np.float64(0.15), np.float64(0.15), np.float64(0.15), np.float64(0.15), np.float64(0.15), np.float64(0.15), np.float64(0.151), np.float64(0.163), np.float64(0.283), np.float64(0.74), np.float64(0.97), np.float64(0.997), np.float64(1.0), np.float64(1.0), np.float64(1.0), np.float64(1.0), np.float64(1.0), np.float64(1.0), np.float64(1.0), np.float64(1.0), np.float64(1.0), np.float64(1.0), np.float64(1.0), np.float64(1.0), np.float64(1.0), np.float64(1.0), np.float64(1.0), np.float64(1.0), np.float64(1.0), np.float64(1.0), np.float64(1.0), np.float64(1.0), np.float64(1.0), np.float64(1.0), np.float64(1.0), np.float64(1.0), np.float64(1.0), np.float64(1.0), np.float64(1.0), np.float64(1.0), np.float64(1.0), np.float64(1.0), np.float64(1.0), np.float64(1.0), np.float64(1.0), np.float64(1.0), np.float64(1.0), np.float64(1.0), np.float64(1.0), np.float64(1.0), np.float64(1.0), np.float64(1.0), np.float64(1.0), np.float64(1.0), np.float64(1.0), np.float64(1.0), np.float64(1.0), np.float64(1.0), np.float64(1.0), np.float64(1.0), np.float64(1.0), np.float64(1.0), np.float64(1.0), np.float64(1.0), np.float64(1.0)]","[np.float64(0.027), np.float64(0.333), np.float64(nan), np.float64(nan), np.float64(0.0), np.float64(nan), np.float64(0.0), np.float64(0.005)]","[np.float64(8.3), np.float64(-1.91), np.float64(0.27), np.float64(0.01)]",8.3,-1.91,0.27,0.01,
2022-02-15,1,146,327,Bpod5,377,182,195,168,209,341,157,184,171,170,36,25,11,0.9045092838196287,0.8626373626373627,0.9435897435897436,377,182,195,198,79,119,0.47023809523809523,0.569377990430622,178,89,89,0.5297619047619048,0.4258373205741627,0.9045092838196287,0.8626373626373627,0.9435897435897436,0.9164265129682997,0.08095238095238089,0.8636363636363636,0.9550561797752809,-0.09141981613891725,0.5198080428343586,0.4777996126680337,0,0,0,0.0,0.0,0.0,341,157,184,852.5,392.5,460.0,4.0,0,0,0,0.1,,"psych_curve(xdata=array([-70.,  -8.,  -4.,  -2.,   0.,   2.,   4.,   8.,  70.]), ydata=[np.float64(0.104), np.float64(0.667), np.float64(0.667), np.float64(1.0), np.float64(1.0), np.float64(1.0), np.float64(1.0), np.float64(1.0), np.float64(0.937)], fit=[np.float64(0.11), np.float64(0.11), np.float64(0.11), np.float64(0.11), np.float64(0.11), np.float64(0.11), np.float64(0.11), np.float64(0.11), np.float64(0.11), np.float64(0.11), np.float64(0.11), np.float64(0.11), np.float64(0.11), np.float64(0.11), np.float64(0.11), np.float64(0.11), np.float64(0.11), np.float64(0.11), np.float64(0.11), np.float64(0.11), np.float64(0.11), np.float64(0.11), np.float64(0.11), np.float64(0.11), np.float64(0.11), np.float64(0.111), np.float64(0.111), np.float64(0.111), np.float64(0.112), np.float64(0.113), np.float64(0.114), np.float64(0.116), np.float64(0.119), np.float64(0.124), np.float64(0.131), np.float64(0.141), np.float64(0.156), np.float64(0.178), np.float64(0.208), np.float64(0.25), np.float64(0.306), np.float64(0.376), np.float64(0.458), np.float64(0.549), np.float64(0.64), np.float64(0.725), np.float64(0.799), np.float64(0.858), np.float64(0.903), np.float64(0.936), np.float64(0.959), np.float64(0.976), np.float64(0.987), np.float64(0.995), np.float64(1.0), np.float64(1.003), np.float64(1.005), np.float64(1.007), np.float64(1.008), np.float64(1.009), np.float64(1.009), np.float64(1.009), np.float64(1.01), np.float64(1.01), np.float64(1.01), np.float64(1.01), np.float64(1.01), np.float64(1.01), np.float64(1.01), np.float64(1.01), np.float64(1.01), np.float64(1.01), np.float64(1.01), np.float64(1.01), np.float64(1.01), np.float64(1.01), np.float64(1.01), np.float64(1.01), np.float64(1.01), np.float64(1.01), np.float64(1.01), np.float64(1.01), np.float64(1.01), np.float64(1.01), np.float64(1.01), np.float64(1.01), np.float64(1.01), np.float64(1.01), np.float64(1.01), np.float64(1.01), np.float64(1.01), np.float64(1.01), np.float64(1.01), np.float64(1.01), np.float64(1.01), np.float64(1.01), np.float64(1.01), np.float64(1.01), np.float64(1.01), np.float64(1.01)], params=[np.float64(0.29), np.float64(-9.02), np.float64(0.11), np.float64(-0.01)], fit_error=[np.float64(0.023), np.float64(0.333), np.float64(0.333), np.float64(0.0), np.float64(0.0), np.float64(0.0), np.float64(0.0), np.float64(0.0), np.float64(0.019)])",[-70.  -8.  -4.  -2.   0.   2.   4.   8.  70.],"[np.float64(0.104), np.float64(0.667), np.float64(0.667), np.float64(1.0), np.float64(1.0), np.float64(1.0), np.float64(1.0), np.float64(1.0), np.float64(0.937)]","[np.float64(0.11), np.float64(0.11), np.float64(0.11), np.float64(0.11), np.float64(0.11), np.float64(0.11), np.float64(0.11), np.float64(0.11), np.float64(0.11), np.float64(0.11), np.float64(0.11), np.float64(0.11), np.float64(0.11), np.float64(0.11), np.float64(0.11), np.float64(0.11), np.float64(0.11), np.float64(0.11), np.float64(0.11), np.float64(0.11), np.float64(0.11), np.float64(0.11), np.float64(0.11), np.float64(0.11), np.float64(0.11), np.float64(0.111), np.float64(0.111), np.float64(0.111), np.float64(0.112), np.float64(0.113), np.float64(0.114), np.float64(0.116), np.float64(0.119), np.float64(0.124), np.float64(0.131), np.float64(0.141), np.float64(0.156), np.float64(0.178), np.float64(0.208), np.float64(0.25), np.float64(0.306), np.float64(0.376), np.float64(0.458), np.float64(0.549), np.float64(0.64), np.float64(0.725), np.float64(0.799), np.float64(0.858), np.float64(0.903), np.float64(0.936), np.float64(0.959), np.float64(0.976), np.float64(0.987), np.float64(0.995), np.float64(1.0), np.float64(1.003), np.float64(1.005), np.float64(1.007), np.float64(1.008), np.float64(1.009), np.float64(1.009), np.float64(1.009), np.float64(1.01), np.float64(1.01), np.float64(1.01), np.float64(1.01), np.float64(1.01), np.float64(1.01), np.float64(1.01), np.float64(1.01), np.float64(1.01), np.float64(1.01), np.float64(1.01), np.float64(1.01), np.float64(1.01), np.float64(1.01), np.float64(1.01), np.float64(1.01), np.float64(1.01), np.float64(1.01), np.float64(1.01), np.float64(1.01), np.float64(1.01), np.float64(1.01), np.float64(1.01), np.float64(1.01), np.float64(1.01), np.float64(1.01), np.float64(1.01), np.float64(1.01), np.float64(1.01), np.float64(1.01), np.float64(1.01), np.float64(1.01), np.float64(1.01), np.float64(1.01), np.float64(1.01), np.float64(1.01), np.float64(1.01), np.float64(1.01)]","[np.float64(0.023), np.float64(0.333), np.float64(0.333), np.float64(0.0), np.float64(0.0), np.float64(0.0), np.float64(0.0), np.float64(0.0), np.float64(0.019)]","[np.float64(0.29), np.float64(-9.02), np.float64(0.11), np.float64(-0.01)]",0.29,-9.02,0.11,-0.01,"psych_curve(xdata=array([-70.,  -8.,  -4.,  -2.,   0.,   2.,   4.,   8.,  70.]), ydata=[np.float64(0.126), np.float64(0.5), np.float64(0.2), np.float64(0.333), np.float64(0.4), np.float64(0.833), np.float64(0.75), np.float64(1.0), np.float64(0.969)], fit=[np.float64(nan), np.float64(nan), np.float64(nan), np.float64(nan), np.float64(nan), np.float64(nan), np.float64(nan), np.float64(nan), np.float64(nan), np.float64(nan), np.float64(nan), np.float64(nan), np.float64(nan), np.float64(nan), np.float64(nan), np.float64(nan), np.float64(nan), np.float64(nan), np.float64(nan), np.float64(nan), np.float64(nan), np.float64(nan), np.float64(nan), np.float64(nan), np.float64(nan), np.float64(nan), np.float64(nan), np.float64(nan), np.float64(nan), np.float64(nan), np.float64(nan), np.float64(nan), np.float64(nan), np.float64(nan), np.float64(nan), np.float64(nan), np.float64(nan), np.float64(nan), np.float64(nan), np.float64(nan), np.float64(nan), np.float64(nan), np.float64(nan), np.float64(nan), np.float64(nan), np.float64(nan), np.float64(nan), np.float64(nan), np.float64(nan), np.float64(nan), np.float64(nan), np.float64(nan), np.float64(nan), np.float64(nan), np.float64(nan), np.float64(nan), np.float64(nan), np.float64(nan), np.float64(nan), np.float64(nan), np.float64(nan), np.float64(nan), np.float64(nan), np.float64(nan), np.float64(nan), np.float64(nan), np.float64(nan), np.float64(nan), np.float64(nan), np.float64(nan), np.float64(nan), np.float64(nan), np.float64(nan), np.float64(nan), np.float64(nan), np.float64(nan), np.float64(nan), np.float64(nan), np.float64(nan), np.float64(nan), np.float64(nan), np.float64(nan), np.float64(nan), np.float64(nan), np.float64(nan), np.float64(nan), np.float64(nan), np.float64(nan), np.float64(nan), np.float64(nan), np.float64(nan), np.float64(nan), np.float64(nan), np.float64(nan), np.float64(nan), np.float64(nan), np.float64(nan), np.float64(nan), np.float64(nan), np.float64(nan)], params=[np.float64(1.42), np.float64(0.93), np.float64(0.28), np.float64(0.08)], fit_error=[np.float64(0.025), np.float64(0.289), np.float64(0.2), np.float64(0.333), np.float64(0.245), np.float64(0.167), np.float64(0.25), np.float64(0.0), np.float64(0.014)])",[-70.  -8.  -4.  -2.   0.   2.   4.   8.  70.],"[np.float64(0.104), np.float64(0.667), np.float64(0.667), np.float64(1.0), np.float64(1.0), np.float64(1.0), np.float64(1.0), np.float64(1.0), np.float64(0.937)]","[np.float64(0.11), np.float64(0.11), np.float64(0.11), np.float64(0.11), np.float64(0.11), np.float64(0.11), np.float64(0.11), np.float64(0.11), np.float64(0.11), np.float64(0.11), np.float64(0.11), np.float64(0.11), np.float64(0.11), np.float64(0.11), np.float64(0.11), np.float64(0.11), np.float64(0.11), np.float64(0.11), np.float64(0.11), np.float64(0.11), np.float64(0.11), np.float64(0.11), np.float64(0.11), np.float64(0.11), np.float64(0.11), np.float64(0.111), np.float64(0.111), np.float64(0.111), np.float64(0.112), np.float64(0.113), np.float64(0.114), np.float64(0.116), np.float64(0.119), np.float64(0.124), np.float64(0.131), np.float64(0.141), np.float64(0.156), np.float64(0.178), np.float64(0.208), np.float64(0.25), np.float64(0.306), np.float64(0.376), np.float64(0.458), np.float64(0.549), np.float64(0.64), np.float64(0.725), np.float64(0.799), np.float64(0.858), np.float64(0.903), np.float64(0.936), np.float64(0.959), np.float64(0.976), np.float64(0.987), np.float64(0.995), np.float64(1.0), np.float64(1.003), np.float64(1.005), np.float64(1.007), np.float64(1.008), np.float64(1.009), np.float64(1.009), np.float64(1.009), np.float64(1.01), np.float64(1.01), np.float64(1.01), np.float64(1.01), np.float64(1.01), np.float64(1.01), np.float64(1.01), np.float64(1.01), np.float64(1.01), np.float64(1.01), np.float64(1.01), np.float64(1.01), np.float64(1.01), np.float64(1.01), np.float64(1.01), np.float64(1.01), np.float64(1.01), np.float64(1.01), np.float64(1.01), np.float64(1.01), np.float64(1.01), np.float64(1.01), np.float64(1.01), np.float64(1.01), np.float64(1.01), np.float64(1.01), np.float64(1.01), np.float64(1.01), np.float64(1.01), np.float64(1.01), np.float64(1.01), np.float64(1.01), np.float64(1.01), np.float64(1.01), np.float64(1.01), np.float64(1.01), np.float64(1.01), np.float64(1.01)]","[np.float64(0.023), np.float64(0.333), np.float64(0.333), np.float64(0.0), np.float64(0.0), np.float64(0.0), np.float64(0.0), np.float64(0.0), np.float64(0.019)]","[np.float64(1.42), np.float64(0.93), np.float64(0.28), np.float64(0.08)]",1.42,0.93,0.28,0.08,
2022-02-16,2,147,327,Bpod5,383,212,171,228,154,340,199,141,183,155,42,13,29,0.8877284595300261,0.9386792452830188,0.8245614035087719,382,212,170,218,145,73,0.6359649122807017,0.474025974025974,162,81,81,0.35526315789473684,0.525974025974026,0.8900523560209425,0.9386792452830188,0.8294117647058824,0.9085545722713865,-0.10926748057713642,0.8394495412844036,0.9567901234567902,-0.11734058217238652,0.5549954431533379,0.4406185919343814,1,0,1,0.0026109660574412533,0.0,0.005847953216374269,340,199,141,850.0,497.5,352.5,4.0,0,0,0,0.15,,"psych_curve(xdata=array([-70.,  -8.,  -4.,  -2.,   0.,   2.,   4.,   8.,  70.]), ydata=[np.float64(0.016), np.float64(0.5), np.float64(0.25), np.float64(0.6), np.float64(0.6), np.float64(1.0), np.float64(0.875), np.float64(1.0), np.float64(0.812)], fit=[np.float64(0.23), np.float64(0.23), np.float64(0.23), np.float64(0.23), np.float64(0.23), np.float64(0.23), np.float64(0.23), np.float64(0.23), np.float64(0.23), np.float64(0.23), np.float64(0.23), np.float64(0.23), np.float64(0.23), np.float64(0.23), np.float64(0.23), np.float64(0.23), np.float64(0.23), np.float64(0.23), np.float64(0.23), np.float64(0.23), np.float64(0.23), np.float64(0.23), np.float64(0.23), np.float64(0.23), np.float64(0.23), np.float64(0.23), np.float64(0.23), np.float64(0.23), np.float64(0.23), np.float64(0.23), np.float64(0.23), np.float64(0.23), np.float64(0.23), np.float64(0.23), np.float64(0.23), np.float64(0.23), np.float64(0.23), np.float64(0.23), np.float64(0.23), np.float64(0.23), np.float64(0.23), np.float64(0.231), np.float64(0.232), np.float64(0.235), np.float64(0.242), np.float64(0.258), np.float64(0.295), np.float64(0.372), np.float64(0.501), np.float64(0.656), np.float64(0.786), np.float64(0.863), np.float64(0.901), np.float64(0.918), np.float64(0.925), np.float64(0.928), np.float64(0.929), np.float64(0.93), np.float64(0.93), np.float64(0.93), np.float64(0.93), np.float64(0.93), np.float64(0.93), np.float64(0.93), np.float64(0.93), np.float64(0.93), np.float64(0.93), np.float64(0.93), np.float64(0.93), np.float64(0.93), np.float64(0.93), np.float64(0.93), np.float64(0.93), np.float64(0.93), np.float64(0.93), np.float64(0.93), np.float64(0.93), np.float64(0.93), np.float64(0.93), np.float64(0.93), np.float64(0.93), np.float64(0.93), np.float64(0.93), np.float64(0.93), np.float64(0.93), np.float64(0.93), np.float64(0.93), np.float64(0.93), np.float64(0.93), np.float64(0.93), np.float64(0.93), np.float64(0.93), np.float64(0.93), np.float64(0.93), np.float64(0.93), np.float64(0.93), np.float64(0.93), np.float64(0.93), np.float64(0.93), np.float64(0.93)], params=[np.float64(0.64), np.float64(-1.4), np.float64(0.23), np.float64(0.07)], fit_error=[np.float64(0.009), np.float64(0.224), np.float64(0.25), np.float64(0.163), np.float64(0.245), np.float64(0.0), np.float64(0.125), np.float64(0.0), np.float64(0.032)])",[-70.  -8.  -4.  -2.   0.   2.   4.   8.  70.],"[np.float64(0.016), np.float64(0.5), np.float64(0.25), np.float64(0.6), np.float64(0.6), np.float64(1.0), np.float64(0.875), np.float64(1.0), np.float64(0.812)]","[np.float64(0.23), np.float64(0.23), np.float64(0.23), np.float64(0.23), np.float64(0.23), np.float64(0.23), np.float64(0.23), np.float64(0.23), np.float64(0.23), np.float64(0.23), np.float64(0.23), np.float64(0.23), np.float64(0.23), np.float64(0.23), np.float64(0.23), np.float64(0.23), np.float64(0.23), np.float64(0.23), np.float64(0.23), np.float64(0.23), np.float64(0.23), np.float64(0.23), np.float64(0.23), np.float64(0.23), np.float64(0.23), np.float64(0.23), np.float64(0.23), np.float64(0.23), np.float64(0.23), np.float64(0.23), np.float64(0.23), np.float64(0.23), np.float64(0.23), np.float64(0.23), np.float64(0.23), np.float64(0.23), np.float64(0.23), np.float64(0.23), np.float64(0.23), np.float64(0.23), np.float64(0.23), np.float64(0.231), np.float64(0.232), np.float64(0.235), np.float64(0.242), np.float64(0.258), np.float64(0.295), np.float64(0.372), np.float64(0.501), np.float64(0.656), np.float64(0.786), np.float64(0.863), np.float64(0.901), np.float64(0.918), np.float64(0.925), np.float64(0.928), np.float64(0.929), np.float64(0.93), np.float64(0.93), np.float64(0.93), np.float64(0.93), np.float64(0.93), np.float64(0.93), np.float64(0.93), np.float64(0.93), np.float64(0.93), np.float64(0.93), np.float64(0.93), np.float64(0.93), np.float64(0.93), np.float64(0.93), np.float64(0.93), np.float64(0.93), np.float64(0.93), np.float64(0.93), np.float64(0.93), np.float64(0.93), np.float64(0.93), np.float64(0.93), np.float64(0.93), np.float64(0.93), np.float64(0.93), np.float64(0.93), np.float64(0.93), np.float64(0.93), np.float64(0.93), np.float64(0.93), np.float64(0.93), np.float64(0.93), np.float64(0.93), np.float64(0.93), np.float64(0.93), np.float64(0.93), np.float64(0.93), np.float64(0.93), np.float64(0.93), np.float64(0.93), np.float64(0.93), np.float64(0.93), np.float64(0.93)]","[np.float64(0.009), np.float64(0.224), np.float64(0.25), np.float64(0.163), np.float64(0.245), np.float64(0.0), np.float64(0.125), np.float64(0.0), np.float64(0.032)]","[np.float64(0.64), np.float64(-1.4), np.float64(0.23), np.float64(0.07)]",0.64,-1.4,0.23,0.07,"psych_curve(xdata=array([-70.,  -8.,  -4.,  -2.,  -0.,   2.,   4.,   8.,  70.]), ydata=[np.float64(0.164), np.float64(0.333), np.float64(0.4), np.float64(0.444), np.float64(0.6), np.float64(0.75), np.float64(1.0), np.float64(0.667), np.float64(0.982)], fit=[np.float64(nan), np.float64(nan), np.float64(nan), np.float64(nan), np.float64(nan), np.float64(nan), np.float64(nan), np.float64(nan), np.float64(nan), np.float64(nan), np.float64(nan), np.float64(nan), np.float64(nan), np.float64(nan), np.float64(nan), np.float64(nan), np.float64(nan), np.float64(nan), np.float64(nan), np.float64(nan), np.float64(nan), np.float64(nan), np.float64(nan), np.float64(nan), np.float64(nan), np.float64(nan), np.float64(nan), np.float64(nan), np.float64(nan), np.float64(nan), np.float64(nan), np.float64(nan), np.float64(nan), np.float64(nan), np.float64(nan), np.float64(nan), np.float64(nan), np.float64(nan), np.float64(nan), np.float64(nan), np.float64(nan), np.float64(nan), np.float64(nan), np.float64(nan), np.float64(nan), np.float64(nan), np.float64(nan), np.float64(nan), np.float64(nan), np.float64(nan), np.float64(nan), np.float64(nan), np.float64(nan), np.float64(nan), np.float64(nan), np.float64(nan), np.float64(nan), np.float64(nan), np.float64(nan), np.float64(nan), np.float64(nan), np.float64(nan), np.float64(nan), np.float64(nan), np.float64(nan), np.float64(nan), np.float64(nan), np.float64(nan), np.float64(nan), np.float64(nan), np.float64(nan), np.float64(nan), np.float64(nan), np.float64(nan), np.float64(nan), np.float64(nan), np.float64(nan), np.float64(nan), np.float64(nan), np.float64(nan), np.float64(nan), np.float64(nan), np.float64(nan), np.float64(nan), np.float64(nan), np.float64(nan), np.float64(nan), np.float64(nan), np.float64(nan), np.float64(nan), np.float64(nan), np.float64(nan), np.float64(nan), np.float64(nan), np.float64(nan), np.float64(nan), np.float64(nan), np.float64(nan), np.float64(nan), np.float64(nan)], params=[np.float64(0.49), np.float64(-0.89), np.float64(0.24), np.float64(0.11)], fit_error=[np.float64(0.028), np.float64(0.333), np.float64(0.245), np.float64(0.176), np.float64(0.245), np.float64(0.164), np.float64(0.0), np.float64(0.211), np.float64(0.01)])",[-70.  -8.  -4.  -2.   0.   2.   4.   8.  70.],"[np.float64(0.016), np.float64(0.5), np.float64(0.25), np.float64(0.6), np.float64(0.6), np.float64(1.0), np.float64(0.875), np.float64(1.0), np.float64(0.812)]","[np.float64(0.23), np.float64(0.23), np.float64(0.23), np.float64(0.23), np.float64(0.23), np.float64(0.23), np.float64(0.23), np.float64(0.23), np.float64(0.23), np.float64(0.23), np.float64(0.23), np.float64(0.23), np.float64(0.23), np.float64(0.23), np.float64(0.23), np.float64(0.23), np.float64(0.23), np.float64(0.23), np.float64(0.23), np.float64(0.23), np.float64(0.23), np.float64(0.23), np.float64(0.23), np.float64(0.23), np.float64(0.23), np.float64(0.23), np.float64(0.23), np.float64(0.23), np.float64(0.23), np.float64(0.23), np.float64(0.23), np.float64(0.23), np.float64(0.23), np.float64(0.23), np.float64(0.23), np.float64(0.23), np.float64(0.23), np.float64(0.23), np.float64(0.23), np.float64(0.23), np.float64(0.23), np.float64(0.231), np.float64(0.232), np.float64(0.235), np.float64(0.242), np.float64(0.258), np.float64(0.295), np.float64(0.372), np.float64(0.501), np.float64(0.656), np.float64(0.786), np.float64(0.863), np.float64(0.901), np.float64(0.918), np.float64(0.925), np.float64(0.928), np.float64(0.929), np.float64(0.93), np.float64(0.93), np.float64(0.93), np.float64(0.93), np.float64(0.93), np.float64(0.93), np.float64(0.93), np.float64(0.93), np.float64(0.93), np.float64(0.93), np.float64(0.93), np.float64(0.93), np.float64(0.93), np.float64(0.93), np.float64(0.93), np.float64(0.93), np.float64(0.93), np.float64(0.93), np.float64(0.93), np.float64(0.93), np.float64(0.93), np.float64(0.93), np.float64(0.93), np.float64(0.93), np.float64(0.93), np.float64(0.93), np.float64(0.93), np.float64(0.93), np.float64(0.93), np.float64(0.93), np.float64(0.93), np.float64(0.93), np.float64(0.93), np.float64(0.93), np.float64(0.93), np.float64(0.93), np.float64(0.93), np.float64(0.93), np.float64(0.93), np.float64(0.93), np.float64(0.93), np.float64(0.93), np.float64(0.93)]","[np.float64(0.009), np.float64(0.224), np.float64(0.25), np.float64(0.163), np.float64(0.245), np.float64(0.0), np.float64(0.125), np.float64(0.0), np.float64(0.032)]","[np.float64(0.49), np.float64(-0.89), np.float64(0.24), np.float64(0.11)]",0.49,-0.89,0.24,0.11,
2022-02-21,0,152,327,Bpod5,447,224,223,230,204,363,189,174,214,142,71,30,41,0.8120805369127517,0.84375,0.7802690582959642,434,219,215,273,150,123,0.6521739130434783,0.6029411764705882,152,76,76,0.33043478260869563,0.37254901960784315,0.836405529953917,0.863013698630137,0.8093023255813954,0.8654822335025381,-0.05371137304874163,0.7838827838827839,0.9342105263157895,-0.15032774243300562,0.6275575447570332,0.3514919011082694,13,5,8,0.029082774049217,0.022321428571428572,0.03587443946188341,363,189,174,907.5,472.5,435.0,4.0,0,0,0,0.15,,"psych_curve(xdata=array([-70.,  -8.,  -4.,  -2.,   0.,   2.,   4.,   8.,  70.]), ydata=[np.float64(0.083), np.float64(0.222), np.float64(0.5), np.float64(0.778), np.float64(0.8), np.float64(0.0), np.float64(0.667), np.float64(0.8), np.float64(0.817)], fit=[np.float64(0.07), np.float64(0.07), np.float64(0.07), np.float64(0.07), np.float64(0.07), np.float64(0.07), np.float64(0.07), np.float64(0.071), np.float64(0.071), np.float64(0.071), np.float64(0.071), np.float64(0.071), np.float64(0.071), np.float64(0.072), np.float64(0.072), np.float64(0.072), np.float64(0.073), np.float64(0.073), np.float64(0.074), np.float64(0.075), np.float64(0.076), np.float64(0.077), np.float64(0.078), np.float64(0.08), np.float64(0.082), np.float64(0.085), np.float64(0.087), np.float64(0.091), np.float64(0.095), np.float64(0.1), np.float64(0.105), np.float64(0.112), np.float64(0.12), np.float64(0.129), np.float64(0.14), np.float64(0.153), np.float64(0.167), np.float64(0.184), np.float64(0.203), np.float64(0.224), np.float64(0.248), np.float64(0.274), np.float64(0.302), np.float64(0.332), np.float64(0.364), np.float64(0.397), np.float64(0.431), np.float64(0.465), np.float64(0.498), np.float64(0.531), np.float64(0.562), np.float64(0.591), np.float64(0.619), np.float64(0.644), np.float64(0.666), np.float64(0.686), np.float64(0.704), np.float64(0.72), np.float64(0.733), np.float64(0.745), np.float64(0.755), np.float64(0.764), np.float64(0.771), np.float64(0.777), np.float64(0.783), np.float64(0.787), np.float64(0.791), np.float64(0.794), np.float64(0.797), np.float64(0.799), np.float64(0.801), np.float64(0.802), np.float64(0.804), np.float64(0.805), np.float64(0.806), np.float64(0.806), np.float64(0.807), np.float64(0.807), np.float64(0.808), np.float64(0.808), np.float64(0.809), np.float64(0.809), np.float64(0.809), np.float64(0.809), np.float64(0.809), np.float64(0.809), np.float64(0.81), np.float64(0.81), np.float64(0.81), np.float64(0.81), np.float64(0.81), np.float64(0.81), np.float64(0.81), np.float64(0.81), np.float64(0.81), np.float64(0.81), np.float64(0.81), np.float64(0.81), np.float64(0.81), np.float64(0.81)], params=[np.float64(0.13), np.float64(-4.57), np.float64(0.07), np.float64(0.19)], fit_error=[np.float64(0.02), np.float64(0.147), np.float64(0.189), np.float64(0.147), np.float64(0.2), np.float64(nan), np.float64(0.333), np.float64(0.2), np.float64(0.027)])",[-70.  -8.  -4.  -2.   0.   2.   4.   8.  70.],"[np.float64(0.083), np.float64(0.222), np.float64(0.5), np.float64(0.778), np.float64(0.8), np.float64(0.0), np.float64(0.667), np.float64(0.8), np.float64(0.817)]","[np.float64(0.07), np.float64(0.07), np.float64(0.07), np.float64(0.07), np.float64(0.07), np.float64(0.07), np.float64(0.07), np.float64(0.071), np.float64(0.071), np.float64(0.071), np.float64(0.071), np.float64(0.071), np.float64(0.071), np.float64(0.072), np.float64(0.072), np.float64(0.072), np.float64(0.073), np.float64(0.073), np.float64(0.074), np.float64(0.075), np.float64(0.076), np.float64(0.077), np.float64(0.078), np.float64(0.08), np.float64(0.082), np.float64(0.085), np.float64(0.087), np.float64(0.091), np.float64(0.095), np.float64(0.1), np.float64(0.105), np.float64(0.112), np.float64(0.12), np.float64(0.129), np.float64(0.14), np.float64(0.153), np.float64(0.167), np.float64(0.184), np.float64(0.203), np.float64(0.224), np.float64(0.248), np.float64(0.274), np.float64(0.302), np.float64(0.332), np.float64(0.364), np.float64(0.397), np.float64(0.431), np.float64(0.465), np.float64(0.498), np.float64(0.531), np.float64(0.562), np.float64(0.591), np.float64(0.619), np.float64(0.644), np.float64(0.666), np.float64(0.686), np.float64(0.704), np.float64(0.72), np.float64(0.733), np.float64(0.745), np.float64(0.755), np.float64(0.764), np.float64(0.771), np.float64(0.777), np.float64(0.783), np.float64(0.787), np.float64(0.791), np.float64(0.794), np.float64(0.797), np.float64(0.799), np.float64(0.801), np.float64(0.802), np.float64(0.804), np.float64(0.805), np.float64(0.806), np.float64(0.806), np.float64(0.807), np.float64(0.807), np.float64(0.808), np.float64(0.808), np.float64(0.809), np.float64(0.809), np.float64(0.809), np.float64(0.809), np.float64(0.809), np.float64(0.809), np.float64(0.81), np.float64(0.81), np.float64(0.81), np.float64(0.81), np.float64(0.81), np.float64(0.81), np.float64(0.81), np.float64(0.81), np.float64(0.81), np.float64(0.81), np.float64(0.81), np.float64(0.81), np.float64(0.81), np.float64(0.81)]","[np.float64(0.02), np.float64(0.147), np.float64(0.189), np.float64(0.147), np.float64(0.2), np.float64(nan), np.float64(0.333), np.float64(0.2), np.float64(0.027)]","[np.float64(0.13), np.float64(-4.57), np.float64(0.07), np.float64(0.19)]",0.13,-4.57,0.07,0.19,"psych_curve(xdata=array([-70.,  -8.,  -4.,  -2.,  -0.,   2.,   4.,   8.,  70.]), ydata=[np.float64(0.24), np.float64(0.429), np.float64(0.833), np.float64(1.0), np.float64(0.8), np.float64(0.5), np.float64(1.0), np.float64(1.0), np.float64(0.961)], fit=[np.float64(nan), np.float64(nan), np.float64(nan), np.float64(nan), np.float64(nan), np.float64(nan), np.float64(nan), np.float64(nan), np.float64(nan), np.float64(nan), np.float64(nan), np.float64(nan), np.float64(nan), np.float64(nan), np.float64(nan), np.float64(nan), np.float64(nan), np.float64(nan), np.float64(nan), np.float64(nan), np.float64(nan), np.float64(nan), np.float64(nan), np.float64(nan), np.float64(nan), np.float64(nan), np.float64(nan), np.float64(nan), np.float64(nan), np.float64(nan), np.float64(nan), np.float64(nan), np.float64(nan), np.float64(nan), np.float64(nan), np.float64(nan), np.float64(nan), np.float64(nan), np.float64(nan), np.float64(nan), np.float64(nan), np.float64(nan), np.float64(nan), np.float64(nan), np.float64(nan), np.float64(nan), np.float64(nan), np.float64(nan), np.float64(nan), np.float64(nan), np.float64(nan), np.float64(nan), np.float64(nan), np.float64(nan), np.float64(nan), np.float64(nan), np.float64(nan), np.float64(nan), np.float64(nan), np.float64(nan), np.float64(nan), np.float64(nan), np.float64(nan), np.float64(nan), np.float64(nan), np.float64(nan), np.float64(nan), np.float64(nan), np.float64(nan), np.float64(nan), np.float64(nan), np.float64(nan), np.float64(nan), np.float64(nan), np.float64(nan), np.float64(nan), np.float64(nan), np.float64(nan), np.float64(nan), np.float64(nan), np.float64(nan), np.float64(nan), np.float64(nan), np.float64(nan), np.float64(nan), np.float64(nan), np.float64(nan), np.float64(nan), np.float64(nan), np.float64(nan), np.float64(nan), np.float64(nan), np.float64(nan), np.float64(nan), np.float64(nan), np.float64(nan), np.float64(nan), np.float64(nan), np.float64(nan), np.float64(nan)], params=[np.float64(1.07), np.float64(-7.19), np.float64(0.24), np.float64(0.13)], fit_error=[np.float64(0.032), np.float64(0.202), np.float64(0.167), np.float64(0.0), np.float64(0.2), np.float64(0.289), np.float64(0.0), np.float64(0.0), np.float64(0.013)])",[-70.  -8.  -4.  -2.   0.   2.   4.   8.  70.],"[np.float64(0.083), np.float64(0.222), np.float64(0.5), np.float64(0.778), np.float64(0.8), np.float64(0.0), np.float64(0.667), np.float64(0.8), np.float64(0.817)]","[np.float64(0.07), np.float64(0.07), np.float64(0.07), np.float64(0.07), np.float64(0.07), np.float64(0.07), np.float64(0.07), np.float64(0.071), np.float64(0.071), np.float64(0.071), np.float64(0.071), np.float64(0.071), np.float64(0.071), np.float64(0.072), np.float64(0.072), np.float64(0.072), np.float64(0.073), np.float64(0.073), np.float64(0.074), np.float64(0.075), np.float64(0.076), np.float64(0.077), np.float64(0.078), np.float64(0.08), np.float64(0.082), np.float64(0.085), np.float64(0.087), np.float64(0.091), np.float64(0.095), np.float64(0.1), np.float64(0.105), np.float64(0.112), np.float64(0.12), np.float64(0.129), np.float64(0.14), np.float64(0.153), np.float64(0.167), np.float64(0.184), np.float64(0.203), np.float64(0.224), np.float64(0.248), np.float64(0.274), np.float64(0.302), np.float64(0.332), np.float64(0.364), np.float64(0.397), np.float64(0.431), np.float64(0.465), np.float64(0.498), np.float64(0.531), np.float64(0.562), np.float64(0.591), np.float64(0.619), np.float64(0.644), np.float64(0.666), np.float64(0.686), np.float64(0.704), np.float64(0.72), np.float64(0.733), np.float64(0.745), np.float64(0.755), np.float64(0.764), np.float64(0.771), np.float64(0.777), np.float64(0.783), np.float64(0.787), np.float64(0.791), np.float64(0.794), np.float64(0.797), np.float64(0.799), np.float64(0.801), np.float64(0.802), np.float64(0.804), np.float64(0.805), np.float64(0.806), np.float64(0.806), np.float64(0.807), np.float64(0.807), np.float64(0.808), np.float64(0.808), np.float64(0.809), np.float64(0.809), np.float64(0.809), np.float64(0.809), np.float64(0.809), np.float64(0.809), np.float64(0.81), np.float64(0.81), np.float64(0.81), np.float64(0.81), np.float64(0.81), np.float64(0.81), np.float64(0.81), np.float64(0.81), np.float64(0.81), np.float64(0.81), np.float64(0.81), np.float64(0.81), np.float64(0.81), np.float64(0.81)]","[np.float64(0.02), np.float64(0.147), np.float64(0.189), np.float64(0.147), np.float64(0.2), np.float64(nan), np.float64(0.333), np.float64(0.2), np.float64(0.027)]","[np.float64(1.07), np.float64(-7.19), np.float64(0.24), np.float64(0.13)]",1.07,-7.19,0.24,0.13,
2022-02-22,1,153,327,Bpod5,387,180,207,170,205,318,143,175,157,157,57,30,27,0.8217054263565892,0.7944444444444444,0.8454106280193237,375,173,202,190,77,113,0.45294117647058824,0.551219512195122,181,91,90,0.5352941176470588,0.43902439024390244,0.848,0.8265895953757225,0.8663366336633663,0.8952380952380953,0.03974703828764381,0.8263157894736842,0.8674033149171271,-0.04108752544344285,0.5020803443328551,0.48715925394548065,12,7,5,0.031007751937984496,0.03888888888888889,0.024154589371980676,318,143,175,795.0,357.5,437.5,4.0,0,0,0,0.2,,"psych_curve(xdata=array([-70.,  -8.,  -4.,  -2.,   0.,   2.,   4.,   8.,  70.]), ydata=[np.float64(0.088), np.float64(0.25), np.float64(0.75), np.float64(0.727), np.float64(0.714), np.float64(0.889), np.float64(0.667), np.float64(0.833), np.float64(0.881)], fit=[np.float64(0.09), np.float64(0.09), np.float64(0.09), np.float64(0.09), np.float64(0.09), np.float64(0.09), np.float64(0.09), np.float64(0.09), np.float64(0.09), np.float64(0.09), np.float64(0.09), np.float64(0.09), np.float64(0.09), np.float64(0.09), np.float64(0.09), np.float64(0.09), np.float64(0.09), np.float64(0.09), np.float64(0.09), np.float64(0.09), np.float64(0.09), np.float64(0.09), np.float64(0.09), np.float64(0.09), np.float64(0.09), np.float64(0.09), np.float64(0.09), np.float64(0.09), np.float64(0.09), np.float64(0.09), np.float64(0.09), np.float64(0.09), np.float64(0.09), np.float64(0.09), np.float64(0.09), np.float64(0.09), np.float64(0.09), np.float64(0.09), np.float64(0.09), np.float64(0.09), np.float64(0.092), np.float64(0.096), np.float64(0.111), np.float64(0.158), np.float64(0.281), np.float64(0.489), np.float64(0.666), np.float64(0.75), np.float64(0.778), np.float64(0.787), np.float64(0.789), np.float64(0.79), np.float64(0.79), np.float64(0.79), np.float64(0.79), np.float64(0.79), np.float64(0.79), np.float64(0.79), np.float64(0.79), np.float64(0.79), np.float64(0.79), np.float64(0.79), np.float64(0.79), np.float64(0.79), np.float64(0.79), np.float64(0.79), np.float64(0.79), np.float64(0.79), np.float64(0.79), np.float64(0.79), np.float64(0.79), np.float64(0.79), np.float64(0.79), np.float64(0.79), np.float64(0.79), np.float64(0.79), np.float64(0.79), np.float64(0.79), np.float64(0.79), np.float64(0.79), np.float64(0.79), np.float64(0.79), np.float64(0.79), np.float64(0.79), np.float64(0.79), np.float64(0.79), np.float64(0.79), np.float64(0.79), np.float64(0.79), np.float64(0.79), np.float64(0.79), np.float64(0.79), np.float64(0.79), np.float64(0.79), np.float64(0.79), np.float64(0.79), np.float64(0.79), np.float64(0.79), np.float64(0.79), np.float64(0.79)], params=[np.float64(0.89), np.float64(-6.68), np.float64(0.09), np.float64(0.21)], fit_error=[np.float64(0.023), np.float64(0.25), np.float64(0.164), np.float64(0.141), np.float64(0.184), np.float64(0.111), np.float64(0.167), np.float64(0.112), np.float64(0.025)])",[-70.  -8.  -4.  -2.   0.   2.   4.   8.  70.],"[np.float64(0.088), np.float64(0.25), np.float64(0.75), np.float64(0.727), np.float64(0.714), np.float64(0.889), np.float64(0.667), np.float64(0.833), np.float64(0.881)]","[np.float64(0.09), np.float64(0.09), np.float64(0.09), np.float64(0.09), np.float64(0.09), np.float64(0.09), np.float64(0.09), np.float64(0.09), np.float64(0.09), np.float64(0.09), np.float64(0.09), np.float64(0.09), np.float64(0.09), np.float64(0.09), np.float64(0.09), np.float64(0.09), np.float64(0.09), np.float64(0.09), np.float64(0.09), np.float64(0.09), np.float64(0.09), np.float64(0.09), np.float64(0.09), np.float64(0.09), np.float64(0.09), np.float64(0.09), np.float64(0.09), np.float64(0.09), np.float64(0.09), np.float64(0.09), np.float64(0.09), np.float64(0.09), np.float64(0.09), np.float64(0.09), np.float64(0.09), np.float64(0.09), np.float64(0.09), np.float64(0.09), np.float64(0.09), np.float64(0.09), np.float64(0.092), np.float64(0.096), np.float64(0.111), np.float64(0.158), np.float64(0.281), np.float64(0.489), np.float64(0.666), np.float64(0.75), np.float64(0.778), np.float64(0.787), np.float64(0.789), np.float64(0.79), np.float64(0.79), np.float64(0.79), np.float64(0.79), np.float64(0.79), np.float64(0.79), np.float64(0.79), np.float64(0.79), np.float64(0.79), np.float64(0.79), np.float64(0.79), np.float64(0.79), np.float64(0.79), np.float64(0.79), np.float64(0.79), np.float64(0.79), np.float64(0.79), np.float64(0.79), np.float64(0.79), np.float64(0.79), np.float64(0.79), np.float64(0.79), np.float64(0.79), np.float64(0.79), np.float64(0.79), np.float64(0.79), np.float64(0.79), np.float64(0.79), np.float64(0.79), np.float64(0.79), np.float64(0.79), np.float64(0.79), np.float64(0.79), np.float64(0.79), np.float64(0.79), np.float64(0.79), np.float64(0.79), np.float64(0.79), np.float64(0.79), np.float64(0.79), np.float64(0.79), np.float64(0.79), np.float64(0.79), np.float64(0.79), np.float64(0.79), np.float64(0.79), np.float64(0.79), np.float64(0.79), np.float64(0.79)]","[np.float64(0.023), np.float64(0.25), np.float64(0.164), np.float64(0.141), np.float64(0.184), np.float64(0.111), np.float64(0.167), np.float64(0.112), np.float64(0.025)]","[np.float64(0.89), np.float64(-6.68), np.float64(0.09), np.float64(0.21)]",0.89,-6.68,0.09,0.21,"psych_curve(xdata=array([-70.,  -8.,  -4.,  -2.,   0.,   2.,   4.,   8.,  70.]), ydata=[np.float64(0.119), np.float64(0.125), np.float64(0.7), np.float64(0.462), np.float64(0.571), np.float64(0.571), np.float64(0.714), np.float64(0.75), np.float64(0.908)], fit=[np.float64(nan), np.float64(nan), np.float64(nan), np.float64(nan), np.float64(nan), np.float64(nan), np.float64(nan), np.float64(nan), np.float64(nan), np.float64(nan), np.float64(nan), np.float64(nan), np.float64(nan), np.float64(nan), np.float64(nan), np.float64(nan), np.float64(nan), np.float64(nan), np.float64(nan), np.float64(nan), np.float64(nan), np.float64(nan), np.float64(nan), np.float64(nan), np.float64(nan), np.float64(nan), np.float64(nan), np.float64(nan), np.float64(nan), np.float64(nan), np.float64(nan), np.float64(nan), np.float64(nan), np.float64(nan), np.float64(nan), np.float64(nan), np.float64(nan), np.float64(nan), np.float64(nan), np.float64(nan), np.float64(nan), np.float64(nan), np.float64(nan), np.float64(nan), np.float64(nan), np.float64(nan), np.float64(nan), np.float64(nan), np.float64(nan), np.float64(nan), np.float64(nan), np.float64(nan), np.float64(nan), np.float64(nan), np.float64(nan), np.float64(nan), np.float64(nan), np.float64(nan), np.float64(nan), np.float64(nan), np.float64(nan), np.float64(nan), np.float64(nan), np.float64(nan), np.float64(nan), np.float64(nan), np.float64(nan), np.float64(nan), np.float64(nan), np.float64(nan), np.float64(nan), np.float64(nan), np.float64(nan), np.float64(nan), np.float64(nan), np.float64(nan), np.float64(nan), np.float64(nan), np.float64(nan), np.float64(nan), np.float64(nan), np.float64(nan), np.float64(nan), np.float64(nan), np.float64(nan), np.float64(nan), np.float64(nan), np.float64(nan), np.float64(nan), np.float64(nan), np.float64(nan), np.float64(nan), np.float64(nan), np.float64(nan), np.float64(nan), np.float64(nan), np.float64(nan), np.float64(nan), np.float64(nan), np.float64(nan)], params=[np.float64(0.18), np.float64(-2.67), np.float64(0.09), np.float64(0.12)], fit_error=[np.float64(0.026), np.float64(0.125), np.float64(0.153), np.float64(0.144), np.float64(0.202), np.float64(0.202), np.float64(0.184), np.float64(0.164), np.float64(0.024)])",[-70.  -8.  -4.  -2.   0.   2.   4.   8.  70.],"[np.float64(0.088), np.float64(0.25), np.float64(0.75), np.float64(0.727), np.float64(0.714), np.float64(0.889), np.float64(0.667), np.float64(0.833), np.float64(0.881)]","[np.float64(0.09), np.float64(0.09), np.float64(0.09), np.float64(0.09), np.float64(0.09), np.float64(0.09), np.float64(0.09), np.float64(0.09), np.float64(0.09), np.float64(0.09), np.float64(0.09), np.float64(0.09), np.float64(0.09), np.float64(0.09), np.float64(0.09), np.float64(0.09), np.float64(0.09), np.float64(0.09), np.float64(0.09), np.float64(0.09), np.float64(0.09), np.float64(0.09), np.float64(0.09), np.float64(0.09), np.float64(0.09), np.float64(0.09), np.float64(0.09), np.float64(0.09), np.float64(0.09), np.float64(0.09), np.float64(0.09), np.float64(0.09), np.float64(0.09), np.float64(0.09), np.float64(0.09), np.float64(0.09), np.float64(0.09), np.float64(0.09), np.float64(0.09), np.float64(0.09), np.float64(0.092), np.float64(0.096), np.float64(0.111), np.float64(0.158), np.float64(0.281), np.float64(0.489), np.float64(0.666), np.float64(0.75), np.float64(0.778), np.float64(0.787), np.float64(0.789), np.float64(0.79), np.float64(0.79), np.float64(0.79), np.float64(0.79), np.float64(0.79), np.float64(0.79), np.float64(0.79), np.float64(0.79), np.float64(0.79), np.float64(0.79), np.float64(0.79), np.float64(0.79), np.float64(0.79), np.float64(0.79), np.float64(0.79), np.float64(0.79), np.float64(0.79), np.float64(0.79), np.float64(0.79), np.float64(0.79), np.float64(0.79), np.float64(0.79), np.float64(0.79), np.float64(0.79), np.float64(0.79), np.float64(0.79), np.float64(0.79), np.float64(0.79), np.float64(0.79), np.float64(0.79), np.float64(0.79), np.float64(0.79), np.float64(0.79), np.float64(0.79), np.float64(0.79), np.float64(0.79), np.float64(0.79), np.float64(0.79), np.float64(0.79), np.float64(0.79), np.float64(0.79), np.float64(0.79), np.float64(0.79), np.float64(0.79), np.float64(0.79), np.float64(0.79), np.float64(0.79), np.float64(0.79), np.float64(0.79)]","[np.float64(0.023), np.float64(0.25), np.float64(0.164), np.float64(0.141), np.float64(0.184), np.float64(0.111), np.float64(0.167), np.float64(0.112), np.float64(0.025)]","[np.float64(0.18), np.float64(-2.67), np.float64(0.09), np.float64(0.12)]",0.18,-2.67,0.09,0.12,
2022-02-23,2,154,327,Bpod5,427,212,215,189,229,371,175,196,197,171,47,33,14,0.8688524590163934,0.8254716981132075,0.9116279069767442,418,208,210,228,93,135,0.49206349206349204,0.5895196506550219,187,94,93,0.4973544973544973,0.40611353711790393,0.8875598086124402,0.8413461538461539,0.9333333333333333,0.9295774647887324,0.0919871794871795,0.8640350877192983,0.9144385026737968,-0.050403414954498515,0.5407915713592569,0.45173401723620066,9,4,5,0.02107728337236534,0.018867924528301886,0.023255813953488372,371,175,196,927.5,437.5,490.0,4.0,0,0,0,0.2,,"psych_curve(xdata=array([-70.,  -8.,  -4.,  -2.,   0.,   2.,   4.,   8.,  70.]), ydata=[np.float64(0.083), np.float64(0.286), np.float64(0.625), np.float64(0.889), np.float64(1.0), np.float64(0.846), np.float64(0.846), np.float64(1.0), np.float64(0.943)], fit=[np.float64(0.1), np.float64(0.1), np.float64(0.1), np.float64(0.1), np.float64(0.1), np.float64(0.1), np.float64(0.1), np.float64(0.1), np.float64(0.1), np.float64(0.1), np.float64(0.1), np.float64(0.1), np.float64(0.1), np.float64(0.1), np.float64(0.1), np.float64(0.1), np.float64(0.1), np.float64(0.1), np.float64(0.1), np.float64(0.1), np.float64(0.1), np.float64(0.1), np.float64(0.1), np.float64(0.1), np.float64(0.1), np.float64(0.1), np.float64(0.1), np.float64(0.1), np.float64(0.1), np.float64(0.1), np.float64(0.1), np.float64(0.1), np.float64(0.1), np.float64(0.1), np.float64(0.1), np.float64(0.1), np.float64(0.1), np.float64(0.101), np.float64(0.102), np.float64(0.104), np.float64(0.109), np.float64(0.12), np.float64(0.142), np.float64(0.189), np.float64(0.277), np.float64(0.414), np.float64(0.581), np.float64(0.73), np.float64(0.831), np.float64(0.888), np.float64(0.916), np.float64(0.929), np.float64(0.935), np.float64(0.938), np.float64(0.939), np.float64(0.94), np.float64(0.94), np.float64(0.94), np.float64(0.94), np.float64(0.94), np.float64(0.94), np.float64(0.94), np.float64(0.94), np.float64(0.94), np.float64(0.94), np.float64(0.94), np.float64(0.94), np.float64(0.94), np.float64(0.94), np.float64(0.94), np.float64(0.94), np.float64(0.94), np.float64(0.94), np.float64(0.94), np.float64(0.94), np.float64(0.94), np.float64(0.94), np.float64(0.94), np.float64(0.94), np.float64(0.94), np.float64(0.94), np.float64(0.94), np.float64(0.94), np.float64(0.94), np.float64(0.94), np.float64(0.94), np.float64(0.94), np.float64(0.94), np.float64(0.94), np.float64(0.94), np.float64(0.94), np.float64(0.94), np.float64(0.94), np.float64(0.94), np.float64(0.94), np.float64(0.94), np.float64(0.94), np.float64(0.94), np.float64(0.94), np.float64(0.94)], params=[np.float64(0.57), np.float64(-5.46), np.float64(0.1), np.float64(0.06)], fit_error=[np.float64(0.021), np.float64(0.184), np.float64(0.183), np.float64(0.111), np.float64(0.0), np.float64(0.104), np.float64(0.104), np.float64(0.0), np.float64(0.018)])",[-70.  -8.  -4.  -2.   0.   2.   4.   8.  70.],"[np.float64(0.083), np.float64(0.286), np.float64(0.625), np.float64(0.889), np.float64(1.0), np.float64(0.846), np.float64(0.846), np.float64(1.0), np.float64(0.943)]","[np.float64(0.1), np.float64(0.1), np.float64(0.1), np.float64(0.1), np.float64(0.1), np.float64(0.1), np.float64(0.1), np.float64(0.1), np.float64(0.1), np.float64(0.1), np.float64(0.1), np.float64(0.1), np.float64(0.1), np.float64(0.1), np.float64(0.1), np.float64(0.1), np.float64(0.1), np.float64(0.1), np.float64(0.1), np.float64(0.1), np.float64(0.1), np.float64(0.1), np.float64(0.1), np.float64(0.1), np.float64(0.1), np.float64(0.1), np.float64(0.1), np.float64(0.1), np.float64(0.1), np.float64(0.1), np.float64(0.1), np.float64(0.1), np.float64(0.1), np.float64(0.1), np.float64(0.1), np.float64(0.1), np.float64(0.1), np.float64(0.101), np.float64(0.102), np.float64(0.104), np.float64(0.109), np.float64(0.12), np.float64(0.142), np.float64(0.189), np.float64(0.277), np.float64(0.414), np.float64(0.581), np.float64(0.73), np.float64(0.831), np.float64(0.888), np.float64(0.916), np.float64(0.929), np.float64(0.935), np.float64(0.938), np.float64(0.939), np.float64(0.94), np.float64(0.94), np.float64(0.94), np.float64(0.94), np.float64(0.94), np.float64(0.94), np.float64(0.94), np.float64(0.94), np.float64(0.94), np.float64(0.94), np.float64(0.94), np.float64(0.94), np.float64(0.94), np.float64(0.94), np.float64(0.94), np.float64(0.94), np.float64(0.94), np.float64(0.94), np.float64(0.94), np.float64(0.94), np.float64(0.94), np.float64(0.94), np.float64(0.94), np.float64(0.94), np.float64(0.94), np.float64(0.94), np.float64(0.94), np.float64(0.94), np.float64(0.94), np.float64(0.94), np.float64(0.94), np.float64(0.94), np.float64(0.94), np.float64(0.94), np.float64(0.94), np.float64(0.94), np.float64(0.94), np.float64(0.94), np.float64(0.94), np.float64(0.94), np.float64(0.94), np.float64(0.94), np.float64(0.94), np.float64(0.94), np.float64(0.94)]","[np.float64(0.021), np.float64(0.184), np.float64(0.183), np.float64(0.111), np.float64(0.0), np.float64(0.104), np.float64(0.104), np.float64(0.0), np.float64(0.018)]","[np.float64(0.57), np.float64(-5.46), np.float64(0.1), np.float64(0.06)]",0.57,-5.46,0.1,0.06,"psych_curve(xdata=array([-70.,  -8.,  -4.,  -2.,  -0.,   2.,   4.,   8.,  70.]), ydata=[np.float64(0.121), np.float64(0.2), np.float64(0.375), np.float64(0.385), np.float64(0.429), np.float64(0.444), np.float64(0.667), np.float64(0.875), np.float64(0.978)], fit=[np.float64(nan), np.float64(nan), np.float64(nan), np.float64(nan), np.float64(nan), np.float64(nan), np.float64(nan), np.float64(nan), np.float64(nan), np.float64(nan), np.float64(nan), np.float64(nan), np.float64(nan), np.float64(nan), np.float64(nan), np.float64(nan), np.float64(nan), np.float64(nan), np.float64(nan), np.float64(nan), np.float64(nan), np.float64(nan), np.float64(nan), np.float64(nan), np.float64(nan), np.float64(nan), np.float64(nan), np.float64(nan), np.float64(nan), np.float64(nan), np.float64(nan), np.float64(nan), np.float64(nan), np.float64(nan), np.float64(nan), np.float64(nan), np.float64(nan), np.float64(nan), np.float64(nan), np.float64(nan), np.float64(nan), np.float64(nan), np.float64(nan), np.float64(nan), np.float64(nan), np.float64(nan), np.float64(nan), np.float64(nan), np.float64(nan), np.float64(nan), np.float64(nan), np.float64(nan), np.float64(nan), np.float64(nan), np.float64(nan), np.float64(nan), np.float64(nan), np.float64(nan), np.float64(nan), np.float64(nan), np.float64(nan), np.float64(nan), np.float64(nan), np.float64(nan), np.float64(nan), np.float64(nan), np.float64(nan), np.float64(nan), np.float64(nan), np.float64(nan), np.float64(nan), np.float64(nan), np.float64(nan), np.float64(nan), np.float64(nan), np.float64(nan), np.float64(nan), np.float64(nan), np.float64(nan), np.float64(nan), np.float64(nan), np.float64(nan), np.float64(nan), np.float64(nan), np.float64(nan), np.float64(nan), np.float64(nan), np.float64(nan), np.float64(nan), np.float64(nan), np.float64(nan), np.float64(nan), np.float64(nan), np.float64(nan), np.float64(nan), np.float64(nan), np.float64(nan), np.float64(nan), np.float64(nan), np.float64(nan)], params=[np.float64(0.24), np.float64(2.56), np.float64(0.15), np.float64(-0.0)], fit_error=[np.float64(0.025), np.float64(0.2), np.float64(0.183), np.float64(0.14), np.float64(0.202), np.float64(0.176), np.float64(0.142), np.float64(0.125), np.float64(0.011)])",[-70.  -8.  -4.  -2.   0.   2.   4.   8.  70.],"[np.float64(0.083), np.float64(0.286), np.float64(0.625), np.float64(0.889), np.float64(1.0), np.float64(0.846), np.float64(0.846), np.float64(1.0), np.float64(0.943)]","[np.float64(0.1), np.float64(0.1), np.float64(0.1), np.float64(0.1), np.float64(0.1), np.float64(0.1), np.float64(0.1), np.float64(0.1), np.float64(0.1), np.float64(0.1), np.float64(0.1), np.float64(0.1), np.float64(0.1), np.float64(0.1), np.float64(0.1), np.float64(0.1), np.float64(0.1), np.float64(0.1), np.float64(0.1), np.float64(0.1), np.float64(0.1), np.float64(0.1), np.float64(0.1), np.float64(0.1), np.float64(0.1), np.float64(0.1), np.float64(0.1), np.float64(0.1), np.float64(0.1), np.float64(0.1), np.float64(0.1), np.float64(0.1), np.float64(0.1), np.float64(0.1), np.float64(0.1), np.float64(0.1), np.float64(0.1), np.float64(0.101), np.float64(0.102), np.float64(0.104), np.float64(0.109), np.float64(0.12), np.float64(0.142), np.float64(0.189), np.float64(0.277), np.float64(0.414), np.float64(0.581), np.float64(0.73), np.float64(0.831), np.float64(0.888), np.float64(0.916), np.float64(0.929), np.float64(0.935), np.float64(0.938), np.float64(0.939), np.float64(0.94), np.float64(0.94), np.float64(0.94), np.float64(0.94), np.float64(0.94), np.float64(0.94), np.float64(0.94), np.float64(0.94), np.float64(0.94), np.float64(0.94), np.float64(0.94), np.float64(0.94), np.float64(0.94), np.float64(0.94), np.float64(0.94), np.float64(0.94), np.float64(0.94), np.float64(0.94), np.float64(0.94), np.float64(0.94), np.float64(0.94), np.float64(0.94), np.float64(0.94), np.float64(0.94), np.float64(0.94), np.float64(0.94), np.float64(0.94), np.float64(0.94), np.float64(0.94), np.float64(0.94), np.float64(0.94), np.float64(0.94), np.float64(0.94), np.float64(0.94), np.float64(0.94), np.float64(0.94), np.float64(0.94), np.float64(0.94), np.float64(0.94), np.float64(0.94), np.float64(0.94), np.float64(0.94), np.float64(0.94), np.float64(0.94), np.float64(0.94)]","[np.float64(0.021), np.float64(0.184), np.float64(0.183), np.float64(0.111), np.float64(0.0), np.float64(0.104), np.float64(0.104), np.float64(0.0), np.float64(0.018)]","[np.float64(0.24), np.float64(2.56), np.float64(0.15), np.float64(-0.0)]",0.24,2.56,0.15,-0.0,
2022-02-24,3,155,327,Bpod5,424,214,210,188,225,382,184,198,198,181,31,27,4,0.9009433962264151,0.8598130841121495,0.9428571428571428,413,211,202,222,93,129,0.4946808510638298,0.5733333333333334,188,94,94,0.5,0.4177777777777778,0.9249394673123487,0.8720379146919431,0.9801980198019802,0.9530791788856305,0.10816010511003704,0.8918918918918919,0.9627659574468085,-0.0708740655549166,0.5340070921985816,0.4588888888888889,11,3,8,0.025943396226415096,0.014018691588785047,0.0380952380952381,382,184,198,955.0,460.0,495.0,4.0,0,0,0,0.20000000000000004,,"psych_curve(xdata=array([-70.,  -8.,  -4.,  -2.,   0.,   2.,   4.,   8.,  70.]), ydata=[np.float64(0.067), np.float64(0.091), np.float64(0.5), np.float64(0.75), np.float64(1.0), np.float64(1.0), np.float64(1.0), np.float64(1.0), np.float64(0.975)], fit=[np.float64(0.06), np.float64(0.06), np.float64(0.06), np.float64(0.06), np.float64(0.06), np.float64(0.06), np.float64(0.06), np.float64(0.06), np.float64(0.06), np.float64(0.06), np.float64(0.06), np.float64(0.06), np.float64(0.06), np.float64(0.06), np.float64(0.06), np.float64(0.06), np.float64(0.06), np.float64(0.06), np.float64(0.06), np.float64(0.06), np.float64(0.06), np.float64(0.06), np.float64(0.06), np.float64(0.06), np.float64(0.06), np.float64(0.06), np.float64(0.06), np.float64(0.06), np.float64(0.06), np.float64(0.06), np.float64(0.06), np.float64(0.06), np.float64(0.06), np.float64(0.06), np.float64(0.06), np.float64(0.06), np.float64(0.06), np.float64(0.06), np.float64(0.06), np.float64(0.06), np.float64(0.061), np.float64(0.062), np.float64(0.066), np.float64(0.077), np.float64(0.106), np.float64(0.178), np.float64(0.329), np.float64(0.558), np.float64(0.774), np.float64(0.905), np.float64(0.964), np.float64(0.987), np.float64(0.995), np.float64(0.998), np.float64(0.999), np.float64(1.0), np.float64(1.0), np.float64(1.0), np.float64(1.0), np.float64(1.0), np.float64(1.0), np.float64(1.0), np.float64(1.0), np.float64(1.0), np.float64(1.0), np.float64(1.0), np.float64(1.0), np.float64(1.0), np.float64(1.0), np.float64(1.0), np.float64(1.0), np.float64(1.0), np.float64(1.0), np.float64(1.0), np.float64(1.0), np.float64(1.0), np.float64(1.0), np.float64(1.0), np.float64(1.0), np.float64(1.0), np.float64(1.0), np.float64(1.0), np.float64(1.0), np.float64(1.0), np.float64(1.0), np.float64(1.0), np.float64(1.0), np.float64(1.0), np.float64(1.0), np.float64(1.0), np.float64(1.0), np.float64(1.0), np.float64(1.0), np.float64(1.0), np.float64(1.0), np.float64(1.0), np.float64(1.0), np.float64(1.0), np.float64(1.0), np.float64(1.0)], params=[np.float64(0.73), np.float64(-3.7), np.float64(0.06), np.float64(-0.0)], fit_error=[np.float64(0.019), np.float64(0.091), np.float64(0.189), np.float64(0.164), np.float64(0.0), np.float64(0.0), np.float64(0.0), np.float64(0.0), np.float64(0.012)])",[-70.  -8.  -4.  -2.   0.   2.   4.   8.  70.],"[np.float64(0.067), np.float64(0.091), np.float64(0.5), np.float64(0.75), np.float64(1.0), np.float64(1.0), np.float64(1.0), np.float64(1.0), np.float64(0.975)]","[np.float64(0.06), np.float64(0.06), np.float64(0.06), np.float64(0.06), np.float64(0.06), np.float64(0.06), np.float64(0.06), np.float64(0.06), np.float64(0.06), np.float64(0.06), np.float64(0.06), np.float64(0.06), np.float64(0.06), np.float64(0.06), np.float64(0.06), np.float64(0.06), np.float64(0.06), np.float64(0.06), np.float64(0.06), np.float64(0.06), np.float64(0.06), np.float64(0.06), np.float64(0.06), np.float64(0.06), np.float64(0.06), np.float64(0.06), np.float64(0.06), np.float64(0.06), np.float64(0.06), np.float64(0.06), np.float64(0.06), np.float64(0.06), np.float64(0.06), np.float64(0.06), np.float64(0.06), np.float64(0.06), np.float64(0.06), np.float64(0.06), np.float64(0.06), np.float64(0.06), np.float64(0.061), np.float64(0.062), np.float64(0.066), np.float64(0.077), np.float64(0.106), np.float64(0.178), np.float64(0.329), np.float64(0.558), np.float64(0.774), np.float64(0.905), np.float64(0.964), np.float64(0.987), np.float64(0.995), np.float64(0.998), np.float64(0.999), np.float64(1.0), np.float64(1.0), np.float64(1.0), np.float64(1.0), np.float64(1.0), np.float64(1.0), np.float64(1.0), np.float64(1.0), np.float64(1.0), np.float64(1.0), np.float64(1.0), np.float64(1.0), np.float64(1.0), np.float64(1.0), np.float64(1.0), np.float64(1.0), np.float64(1.0), np.float64(1.0), np.float64(1.0), np.float64(1.0), np.float64(1.0), np.float64(1.0), np.float64(1.0), np.float64(1.0), np.float64(1.0), np.float64(1.0), np.float64(1.0), np.float64(1.0), np.float64(1.0), np.float64(1.0), np.float64(1.0), np.float64(1.0), np.float64(1.0), np.float64(1.0), np.float64(1.0), np.float64(1.0), np.float64(1.0), np.float64(1.0), np.float64(1.0), np.float64(1.0), np.float64(1.0), np.float64(1.0), np.float64(1.0), np.float64(1.0), np.float64(1.0)]","[np.float64(0.019), np.float64(0.091), np.float64(0.189), np.float64(0.164), np.float64(0.0), np.float64(0.0), np.float64(0.0), np.float64(0.0), np.float64(0.012)]","[np.float64(0.73), np.float64(-3.7), np.float64(0.06), np.float64(-0.0)]",0.73,-3.7,0.06,-0.0,"psych_curve(xdata=array([-70.,  -8.,  -4.,  -2.,   0.,   2.,   4.,   8.,  70.]), ydata=[np.float64(0.078), np.float64(0.071), np.float64(0.273), np.float64(0.556), np.float64(0.375), np.float64(0.8), np.float64(0.933), np.float64(1.0), np.float64(0.983)], fit=[np.float64(nan), np.float64(nan), np.float64(nan), np.float64(nan), np.float64(nan), np.float64(nan), np.float64(nan), np.float64(nan), np.float64(nan), np.float64(nan), np.float64(nan), np.float64(nan), np.float64(nan), np.float64(nan), np.float64(nan), np.float64(nan), np.float64(nan), np.float64(nan), np.float64(nan), np.float64(nan), np.float64(nan), np.float64(nan), np.float64(nan), np.float64(nan), np.float64(nan), np.float64(nan), np.float64(nan), np.float64(nan), np.float64(nan), np.float64(nan), np.float64(nan), np.float64(nan), np.float64(nan), np.float64(nan), np.float64(nan), np.float64(nan), np.float64(nan), np.float64(nan), np.float64(nan), np.float64(nan), np.float64(nan), np.float64(nan), np.float64(nan), np.float64(nan), np.float64(nan), np.float64(nan), np.float64(nan), np.float64(nan), np.float64(nan), np.float64(nan), np.float64(nan), np.float64(nan), np.float64(nan), np.float64(nan), np.float64(nan), np.float64(nan), np.float64(nan), np.float64(nan), np.float64(nan), np.float64(nan), np.float64(nan), np.float64(nan), np.float64(nan), np.float64(nan), np.float64(nan), np.float64(nan), np.float64(nan), np.float64(nan), np.float64(nan), np.float64(nan), np.float64(nan), np.float64(nan), np.float64(nan), np.float64(nan), np.float64(nan), np.float64(nan), np.float64(nan), np.float64(nan), np.float64(nan), np.float64(nan), np.float64(nan), np.float64(nan), np.float64(nan), np.float64(nan), np.float64(nan), np.float64(nan), np.float64(nan), np.float64(nan), np.float64(nan), np.float64(nan), np.float64(nan), np.float64(nan), np.float64(nan), np.float64(nan), np.float64(nan), np.float64(nan), np.float64(nan), np.float64(nan), np.float64(nan), np.float64(nan)], params=[np.float64(0.38), np.float64(-0.44), np.float64(0.07), np.float64(-0.02)], fit_error=[np.float64(0.021), np.float64(0.071), np.float64(0.141), np.float64(0.176), np.float64(0.183), np.float64(0.2), np.float64(0.067), np.float64(0.0), np.float64(0.01)])",[-70.  -8.  -4.  -2.   0.   2.   4.   8.  70.],"[np.float64(0.067), np.float64(0.091), np.float64(0.5), np.float64(0.75), np.float64(1.0), np.float64(1.0), np.float64(1.0), np.float64(1.0), np.float64(0.975)]","[np.float64(0.06), np.float64(0.06), np.float64(0.06), np.float64(0.06), np.float64(0.06), np.float64(0.06), np.float64(0.06), np.float64(0.06), np.float64(0.06), np.float64(0.06), np.float64(0.06), np.float64(0.06), np.float64(0.06), np.float64(0.06), np.float64(0.06), np.float64(0.06), np.float64(0.06), np.float64(0.06), np.float64(0.06), np.float64(0.06), np.float64(0.06), np.float64(0.06), np.float64(0.06), np.float64(0.06), np.float64(0.06), np.float64(0.06), np.float64(0.06), np.float64(0.06), np.float64(0.06), np.float64(0.06), np.float64(0.06), np.float64(0.06), np.float64(0.06), np.float64(0.06), np.float64(0.06), np.float64(0.06), np.float64(0.06), np.float64(0.06), np.float64(0.06), np.float64(0.06), np.float64(0.061), np.float64(0.062), np.float64(0.066), np.float64(0.077), np.float64(0.106), np.float64(0.178), np.float64(0.329), np.float64(0.558), np.float64(0.774), np.float64(0.905), np.float64(0.964), np.float64(0.987), np.float64(0.995), np.float64(0.998), np.float64(0.999), np.float64(1.0), np.float64(1.0), np.float64(1.0), np.float64(1.0), np.float64(1.0), np.float64(1.0), np.float64(1.0), np.float64(1.0), np.float64(1.0), np.float64(1.0), np.float64(1.0), np.float64(1.0), np.float64(1.0), np.float64(1.0), np.float64(1.0), np.float64(1.0), np.float64(1.0), np.float64(1.0), np.float64(1.0), np.float64(1.0), np.float64(1.0), np.float64(1.0), np.float64(1.0), np.float64(1.0), np.float64(1.0), np.float64(1.0), np.float64(1.0), np.float64(1.0), np.float64(1.0), np.float64(1.0), np.float64(1.0), np.float64(1.0), np.float64(1.0), np.float64(1.0), np.float64(1.0), np.float64(1.0), np.float64(1.0), np.float64(1.0), np.float64(1.0), np.float64(1.0), np.float64(1.0), np.float64(1.0), np.float64(1.0), np.float64(1.0), np.float64(1.0)]","[np.float64(0.019), np.float64(0.091), np.float64(0.189), np.float64(0.164), np.float64(0.0), np.float64(0.0), np.float64(0.0), np.float64(0.0), np.float64(0.012)]","[np.float64(0.38), np.float64(-0.44), np.float64(0.07), np.float64(-0.02)]",0.38,-0.44,0.07,-0.02,
2022-02-25,4,156,327,Bpod5,520,257,263,301,151,355,220,135,182,136,97,16,81,0.6826923076923077,0.8560311284046692,0.5133079847908745,452,236,216,251,192,59,0.6378737541528239,0.39072847682119205,156,79,77,0.26245847176079734,0.5099337748344371,0.7853982300884956,0.9322033898305084,0.625,0.8177083333333334,-0.30720338983050843,0.7250996015936255,0.8717948717948718,-0.1466952702012463,0.514301115487008,0.3861961232976172,68,21,47,0.13076923076923078,0.08171206225680934,0.17870722433460076,355,220,135,887.5,550.0,337.5,4.0,0,0,0,0.2,,"psych_curve(xdata=array([-70.,  -8.,  -4.,  -2.,   0.,   2.,   4.,   8.,  70.]), ydata=[np.float64(0.053), np.float64(0.0), np.float64(0.111), np.float64(0.5), np.float64(0.462), np.float64(0.286), np.float64(0.556), np.float64(0.455), np.float64(0.665)], fit=[np.float64(0.03), np.float64(0.03), np.float64(0.03), np.float64(0.03), np.float64(0.03), np.float64(0.03), np.float64(0.03), np.float64(0.03), np.float64(0.03), np.float64(0.03), np.float64(0.03), np.float64(0.03), np.float64(0.03), np.float64(0.03), np.float64(0.03), np.float64(0.03), np.float64(0.03), np.float64(0.03), np.float64(0.03), np.float64(0.03), np.float64(0.03), np.float64(0.03), np.float64(0.03), np.float64(0.03), np.float64(0.03), np.float64(0.03), np.float64(0.03), np.float64(0.03), np.float64(0.03), np.float64(0.03), np.float64(0.03), np.float64(0.03), np.float64(0.03), np.float64(0.03), np.float64(0.03), np.float64(0.03), np.float64(0.03), np.float64(0.03), np.float64(0.03), np.float64(0.03), np.float64(0.03), np.float64(0.03), np.float64(0.03), np.float64(0.03), np.float64(0.03), np.float64(0.03), np.float64(0.03), np.float64(0.415), np.float64(0.49), np.float64(0.49), np.float64(0.49), np.float64(0.49), np.float64(0.49), np.float64(0.49), np.float64(0.49), np.float64(0.49), np.float64(0.49), np.float64(0.49), np.float64(0.49), np.float64(0.49), np.float64(0.49), np.float64(0.49), np.float64(0.49), np.float64(0.49), np.float64(0.49), np.float64(0.49), np.float64(0.49), np.float64(0.49), np.float64(0.49), np.float64(0.49), np.float64(0.49), np.float64(0.49), np.float64(0.49), np.float64(0.49), np.float64(0.49), np.float64(0.49), np.float64(0.49), np.float64(0.49), np.float64(0.49), np.float64(0.49), np.float64(0.49), np.float64(0.49), np.float64(0.49), np.float64(0.49), np.float64(0.49), np.float64(0.49), np.float64(0.49), np.float64(0.49), np.float64(0.49), np.float64(0.49), np.float64(0.49), np.float64(0.49), np.float64(0.49), np.float64(0.49), np.float64(0.49), np.float64(0.49), np.float64(0.49), np.float64(0.49), np.float64(0.49), np.float64(0.49)], params=[np.float64(6.67), np.float64(-3.78), np.float64(0.03), np.float64(0.51)], fit_error=[np.float64(0.016), np.float64(0.0), np.float64(0.111), np.float64(0.289), np.float64(0.144), np.float64(0.125), np.float64(0.176), np.float64(0.157), np.float64(0.036)])",[-70.  -8.  -4.  -2.   0.   2.   4.   8.  70.],"[np.float64(0.053), np.float64(0.0), np.float64(0.111), np.float64(0.5), np.float64(0.462), np.float64(0.286), np.float64(0.556), np.float64(0.455), np.float64(0.665)]","[np.float64(0.03), np.float64(0.03), np.float64(0.03), np.float64(0.03), np.float64(0.03), np.float64(0.03), np.float64(0.03), np.float64(0.03), np.float64(0.03), np.float64(0.03), np.float64(0.03), np.float64(0.03), np.float64(0.03), np.float64(0.03), np.float64(0.03), np.float64(0.03), np.float64(0.03), np.float64(0.03), np.float64(0.03), np.float64(0.03), np.float64(0.03), np.float64(0.03), np.float64(0.03), np.float64(0.03), np.float64(0.03), np.float64(0.03), np.float64(0.03), np.float64(0.03), np.float64(0.03), np.float64(0.03), np.float64(0.03), np.float64(0.03), np.float64(0.03), np.float64(0.03), np.float64(0.03), np.float64(0.03), np.float64(0.03), np.float64(0.03), np.float64(0.03), np.float64(0.03), np.float64(0.03), np.float64(0.03), np.float64(0.03), np.float64(0.03), np.float64(0.03), np.float64(0.03), np.float64(0.03), np.float64(0.415), np.float64(0.49), np.float64(0.49), np.float64(0.49), np.float64(0.49), np.float64(0.49), np.float64(0.49), np.float64(0.49), np.float64(0.49), np.float64(0.49), np.float64(0.49), np.float64(0.49), np.float64(0.49), np.float64(0.49), np.float64(0.49), np.float64(0.49), np.float64(0.49), np.float64(0.49), np.float64(0.49), np.float64(0.49), np.float64(0.49), np.float64(0.49), np.float64(0.49), np.float64(0.49), np.float64(0.49), np.float64(0.49), np.float64(0.49), np.float64(0.49), np.float64(0.49), np.float64(0.49), np.float64(0.49), np.float64(0.49), np.float64(0.49), np.float64(0.49), np.float64(0.49), np.float64(0.49), np.float64(0.49), np.float64(0.49), np.float64(0.49), np.float64(0.49), np.float64(0.49), np.float64(0.49), np.float64(0.49), np.float64(0.49), np.float64(0.49), np.float64(0.49), np.float64(0.49), np.float64(0.49), np.float64(0.49), np.float64(0.49), np.float64(0.49), np.float64(0.49), np.float64(0.49)]","[np.float64(0.016), np.float64(0.0), np.float64(0.111), np.float64(0.289), np.float64(0.144), np.float64(0.125), np.float64(0.176), np.float64(0.157), np.float64(0.036)]","[np.float64(6.67), np.float64(-3.78), np.float64(0.03), np.float64(0.51)]",6.67,-3.78,0.03,0.51,"psych_curve(xdata=array([-70.,  -8.,  -4.,  -2.,   0.,   2.,   4.,   8.,  70.]), ydata=[np.float64(0.297), np.float64(0.625), np.float64(0.444), np.float64(0.7), np.float64(0.545), np.float64(0.333), np.float64(1.0), np.float64(0.833), np.float64(0.921)], fit=[np.float64(nan), np.float64(nan), np.float64(nan), np.float64(nan), np.float64(nan), np.float64(nan), np.float64(nan), np.float64(nan), np.float64(nan), np.float64(nan), np.float64(nan), np.float64(nan), np.float64(nan), np.float64(nan), np.float64(nan), np.float64(nan), np.float64(nan), np.float64(nan), np.float64(nan), np.float64(nan), np.float64(nan), np.float64(nan), np.float64(nan), np.float64(nan), np.float64(nan), np.float64(nan), np.float64(nan), np.float64(nan), np.float64(nan), np.float64(nan), np.float64(nan), np.float64(nan), np.float64(nan), np.float64(nan), np.float64(nan), np.float64(nan), np.float64(nan), np.float64(nan), np.float64(nan), np.float64(nan), np.float64(nan), np.float64(nan), np.float64(nan), np.float64(nan), np.float64(nan), np.float64(nan), np.float64(nan), np.float64(nan), np.float64(nan), np.float64(nan), np.float64(nan), np.float64(nan), np.float64(nan), np.float64(nan), np.float64(nan), np.float64(nan), np.float64(nan), np.float64(nan), np.float64(nan), np.float64(nan), np.float64(nan), np.float64(nan), np.float64(nan), np.float64(nan), np.float64(nan), np.float64(nan), np.float64(nan), np.float64(nan), np.float64(nan), np.float64(nan), np.float64(nan), np.float64(nan), np.float64(nan), np.float64(nan), np.float64(nan), np.float64(nan), np.float64(nan), np.float64(nan), np.float64(nan), np.float64(nan), np.float64(nan), np.float64(nan), np.float64(nan), np.float64(nan), np.float64(nan), np.float64(nan), np.float64(nan), np.float64(nan), np.float64(nan), np.float64(nan), np.float64(nan), np.float64(nan), np.float64(nan), np.float64(nan), np.float64(nan), np.float64(nan), np.float64(nan), np.float64(nan), np.float64(nan), np.float64(nan)], params=[np.float64(0.14), np.float64(0.26), np.float64(0.33), np.float64(0.05)], fit_error=[np.float64(0.035), np.float64(0.183), np.float64(0.176), np.float64(0.153), np.float64(0.157), np.float64(0.211), np.float64(0.0), np.float64(0.167), np.float64(0.02)])",[-70.  -8.  -4.  -2.   0.   2.   4.   8.  70.],"[np.float64(0.053), np.float64(0.0), np.float64(0.111), np.float64(0.5), np.float64(0.462), np.float64(0.286), np.float64(0.556), np.float64(0.455), np.float64(0.665)]","[np.float64(0.03), np.float64(0.03), np.float64(0.03), np.float64(0.03), np.float64(0.03), np.float64(0.03), np.float64(0.03), np.float64(0.03), np.float64(0.03), np.float64(0.03), np.float64(0.03), np.float64(0.03), np.float64(0.03), np.float64(0.03), np.float64(0.03), np.float64(0.03), np.float64(0.03), np.float64(0.03), np.float64(0.03), np.float64(0.03), np.float64(0.03), np.float64(0.03), np.float64(0.03), np.float64(0.03), np.float64(0.03), np.float64(0.03), np.float64(0.03), np.float64(0.03), np.float64(0.03), np.float64(0.03), np.float64(0.03), np.float64(0.03), np.float64(0.03), np.float64(0.03), np.float64(0.03), np.float64(0.03), np.float64(0.03), np.float64(0.03), np.float64(0.03), np.float64(0.03), np.float64(0.03), np.float64(0.03), np.float64(0.03), np.float64(0.03), np.float64(0.03), np.float64(0.03), np.float64(0.03), np.float64(0.415), np.float64(0.49), np.float64(0.49), np.float64(0.49), np.float64(0.49), np.float64(0.49), np.float64(0.49), np.float64(0.49), np.float64(0.49), np.float64(0.49), np.float64(0.49), np.float64(0.49), np.float64(0.49), np.float64(0.49), np.float64(0.49), np.float64(0.49), np.float64(0.49), np.float64(0.49), np.float64(0.49), np.float64(0.49), np.float64(0.49), np.float64(0.49), np.float64(0.49), np.float64(0.49), np.float64(0.49), np.float64(0.49), np.float64(0.49), np.float64(0.49), np.float64(0.49), np.float64(0.49), np.float64(0.49), np.float64(0.49), np.float64(0.49), np.float64(0.49), np.float64(0.49), np.float64(0.49), np.float64(0.49), np.float64(0.49), np.float64(0.49), np.float64(0.49), np.float64(0.49), np.float64(0.49), np.float64(0.49), np.float64(0.49), np.float64(0.49), np.float64(0.49), np.float64(0.49), np.float64(0.49), np.float64(0.49), np.float64(0.49), np.float64(0.49), np.float64(0.49), np.float64(0.49)]","[np.float64(0.016), np.float64(0.0), np.float64(0.111), np.float64(0.289), np.float64(0.144), np.float64(0.125), np.float64(0.176), np.float64(0.157), np.float64(0.036)]","[np.float64(0.14), np.float64(0.26), np.float64(0.33), np.float64(0.05)]",0.14,0.26,0.33,0.05,
2022-02-28,0,159,327,Bpod5,448,224,224,179,247,353,164,189,183,158,73,58,15,0.7879464285714286,0.7321428571428571,0.84375,426,222,204,232,80,152,0.44692737430167595,0.6153846153846154,182,89,93,0.4972067039106145,0.3765182186234818,0.8286384976525821,0.7387387387387387,0.9264705882352942,0.8781869688385269,0.18773184949655541,0.7887931034482759,0.8681318681318682,-0.07933876468359224,0.5311559948431457,0.43686246126704814,22,2,20,0.049107142857142856,0.008928571428571428,0.08928571428571429,353,164,189,882.5,410.0,472.5,4.0,1,0,0,0.2,,"psych_curve(xdata=array([-70.,  -8.,  -4.,  -2.,   0.,   2.,   4.,   8.,  70.]), ydata=[np.float64(0.178), np.float64(0.438), np.float64(0.75), np.float64(0.7), np.float64(0.833), np.float64(0.917), np.float64(0.778), np.float64(0.875), np.float64(0.936)], fit=[np.float64(0.17), np.float64(0.17), np.float64(0.17), np.float64(0.17), np.float64(0.17), np.float64(0.17), np.float64(0.17), np.float64(0.17), np.float64(0.17), np.float64(0.17), np.float64(0.17), np.float64(0.17), np.float64(0.17), np.float64(0.17), np.float64(0.17), np.float64(0.17), np.float64(0.17), np.float64(0.17), np.float64(0.17), np.float64(0.17), np.float64(0.17), np.float64(0.17), np.float64(0.17), np.float64(0.17), np.float64(0.17), np.float64(0.17), np.float64(0.17), np.float64(0.17), np.float64(0.17), np.float64(0.17), np.float64(0.171), np.float64(0.171), np.float64(0.172), np.float64(0.173), np.float64(0.174), np.float64(0.177), np.float64(0.181), np.float64(0.187), np.float64(0.197), np.float64(0.213), np.float64(0.237), np.float64(0.273), np.float64(0.323), np.float64(0.389), np.float64(0.468), np.float64(0.554), np.float64(0.637), np.float64(0.71), np.float64(0.767), np.float64(0.808), np.float64(0.837), np.float64(0.856), np.float64(0.869), np.float64(0.877), np.float64(0.882), np.float64(0.885), np.float64(0.887), np.float64(0.888), np.float64(0.889), np.float64(0.889), np.float64(0.89), np.float64(0.89), np.float64(0.89), np.float64(0.89), np.float64(0.89), np.float64(0.89), np.float64(0.89), np.float64(0.89), np.float64(0.89), np.float64(0.89), np.float64(0.89), np.float64(0.89), np.float64(0.89), np.float64(0.89), np.float64(0.89), np.float64(0.89), np.float64(0.89), np.float64(0.89), np.float64(0.89), np.float64(0.89), np.float64(0.89), np.float64(0.89), np.float64(0.89), np.float64(0.89), np.float64(0.89), np.float64(0.89), np.float64(0.89), np.float64(0.89), np.float64(0.89), np.float64(0.89), np.float64(0.89), np.float64(0.89), np.float64(0.89), np.float64(0.89), np.float64(0.89), np.float64(0.89), np.float64(0.89), np.float64(0.89), np.float64(0.89), np.float64(0.89)], params=[np.float64(0.34), np.float64(-6.76), np.float64(0.17), np.float64(0.11)], fit_error=[np.float64(0.029), np.float64(0.128), np.float64(0.131), np.float64(0.153), np.float64(0.167), np.float64(0.083), np.float64(0.147), np.float64(0.125), np.float64(0.019)])",[-70.  -8.  -4.  -2.   0.   2.   4.   8.  70.],"[np.float64(0.178), np.float64(0.438), np.float64(0.75), np.float64(0.7), np.float64(0.833), np.float64(0.917), np.float64(0.778), np.float64(0.875), np.float64(0.936)]","[np.float64(0.17), np.float64(0.17), np.float64(0.17), np.float64(0.17), np.float64(0.17), np.float64(0.17), np.float64(0.17), np.float64(0.17), np.float64(0.17), np.float64(0.17), np.float64(0.17), np.float64(0.17), np.float64(0.17), np.float64(0.17), np.float64(0.17), np.float64(0.17), np.float64(0.17), np.float64(0.17), np.float64(0.17), np.float64(0.17), np.float64(0.17), np.float64(0.17), np.float64(0.17), np.float64(0.17), np.float64(0.17), np.float64(0.17), np.float64(0.17), np.float64(0.17), np.float64(0.17), np.float64(0.17), np.float64(0.171), np.float64(0.171), np.float64(0.172), np.float64(0.173), np.float64(0.174), np.float64(0.177), np.float64(0.181), np.float64(0.187), np.float64(0.197), np.float64(0.213), np.float64(0.237), np.float64(0.273), np.float64(0.323), np.float64(0.389), np.float64(0.468), np.float64(0.554), np.float64(0.637), np.float64(0.71), np.float64(0.767), np.float64(0.808), np.float64(0.837), np.float64(0.856), np.float64(0.869), np.float64(0.877), np.float64(0.882), np.float64(0.885), np.float64(0.887), np.float64(0.888), np.float64(0.889), np.float64(0.889), np.float64(0.89), np.float64(0.89), np.float64(0.89), np.float64(0.89), np.float64(0.89), np.float64(0.89), np.float64(0.89), np.float64(0.89), np.float64(0.89), np.float64(0.89), np.float64(0.89), np.float64(0.89), np.float64(0.89), np.float64(0.89), np.float64(0.89), np.float64(0.89), np.float64(0.89), np.float64(0.89), np.float64(0.89), np.float64(0.89), np.float64(0.89), np.float64(0.89), np.float64(0.89), np.float64(0.89), np.float64(0.89), np.float64(0.89), np.float64(0.89), np.float64(0.89), np.float64(0.89), np.float64(0.89), np.float64(0.89), np.float64(0.89), np.float64(0.89), np.float64(0.89), np.float64(0.89), np.float64(0.89), np.float64(0.89), np.float64(0.89), np.float64(0.89), np.float64(0.89)]","[np.float64(0.029), np.float64(0.128), np.float64(0.131), np.float64(0.153), np.float64(0.167), np.float64(0.083), np.float64(0.147), np.float64(0.125), np.float64(0.019)]","[np.float64(0.34), np.float64(-6.76), np.float64(0.17), np.float64(0.11)]",0.34,-6.76,0.17,0.11,"psych_curve(xdata=array([-70.,  -8.,  -4.,  -2.,  -0.,   2.,   4.,   8.,  70.]), ydata=[np.float64(0.183), np.float64(0.556), np.float64(0.5), np.float64(0.5), np.float64(0.667), np.float64(0.75), np.float64(0.455), np.float64(0.786), np.float64(0.934)], fit=[np.float64(nan), np.float64(nan), np.float64(nan), np.float64(nan), np.float64(nan), np.float64(nan), np.float64(nan), np.float64(nan), np.float64(nan), np.float64(nan), np.float64(nan), np.float64(nan), np.float64(nan), np.float64(nan), np.float64(nan), np.float64(nan), np.float64(nan), np.float64(nan), np.float64(nan), np.float64(nan), np.float64(nan), np.float64(nan), np.float64(nan), np.float64(nan), np.float64(nan), np.float64(nan), np.float64(nan), np.float64(nan), np.float64(nan), np.float64(nan), np.float64(nan), np.float64(nan), np.float64(nan), np.float64(nan), np.float64(nan), np.float64(nan), np.float64(nan), np.float64(nan), np.float64(nan), np.float64(nan), np.float64(nan), np.float64(nan), np.float64(nan), np.float64(nan), np.float64(nan), np.float64(nan), np.float64(nan), np.float64(nan), np.float64(nan), np.float64(nan), np.float64(nan), np.float64(nan), np.float64(nan), np.float64(nan), np.float64(nan), np.float64(nan), np.float64(nan), np.float64(nan), np.float64(nan), np.float64(nan), np.float64(nan), np.float64(nan), np.float64(nan), np.float64(nan), np.float64(nan), np.float64(nan), np.float64(nan), np.float64(nan), np.float64(nan), np.float64(nan), np.float64(nan), np.float64(nan), np.float64(nan), np.float64(nan), np.float64(nan), np.float64(nan), np.float64(nan), np.float64(nan), np.float64(nan), np.float64(nan), np.float64(nan), np.float64(nan), np.float64(nan), np.float64(nan), np.float64(nan), np.float64(nan), np.float64(nan), np.float64(nan), np.float64(nan), np.float64(nan), np.float64(nan), np.float64(nan), np.float64(nan), np.float64(nan), np.float64(nan), np.float64(nan), np.float64(nan), np.float64(nan), np.float64(nan), np.float64(nan)], params=[np.float64(0.07), np.float64(-3.26), np.float64(0.18), np.float64(0.06)], fit_error=[np.float64(0.029), np.float64(0.176), np.float64(0.167), np.float64(0.167), np.float64(0.211), np.float64(0.131), np.float64(0.157), np.float64(0.114), np.float64(0.019)])",[-70.  -8.  -4.  -2.   0.   2.   4.   8.  70.],"[np.float64(0.178), np.float64(0.438), np.float64(0.75), np.float64(0.7), np.float64(0.833), np.float64(0.917), np.float64(0.778), np.float64(0.875), np.float64(0.936)]","[np.float64(0.17), np.float64(0.17), np.float64(0.17), np.float64(0.17), np.float64(0.17), np.float64(0.17), np.float64(0.17), np.float64(0.17), np.float64(0.17), np.float64(0.17), np.float64(0.17), np.float64(0.17), np.float64(0.17), np.float64(0.17), np.float64(0.17), np.float64(0.17), np.float64(0.17), np.float64(0.17), np.float64(0.17), np.float64(0.17), np.float64(0.17), np.float64(0.17), np.float64(0.17), np.float64(0.17), np.float64(0.17), np.float64(0.17), np.float64(0.17), np.float64(0.17), np.float64(0.17), np.float64(0.17), np.float64(0.171), np.float64(0.171), np.float64(0.172), np.float64(0.173), np.float64(0.174), np.float64(0.177), np.float64(0.181), np.float64(0.187), np.float64(0.197), np.float64(0.213), np.float64(0.237), np.float64(0.273), np.float64(0.323), np.float64(0.389), np.float64(0.468), np.float64(0.554), np.float64(0.637), np.float64(0.71), np.float64(0.767), np.float64(0.808), np.float64(0.837), np.float64(0.856), np.float64(0.869), np.float64(0.877), np.float64(0.882), np.float64(0.885), np.float64(0.887), np.float64(0.888), np.float64(0.889), np.float64(0.889), np.float64(0.89), np.float64(0.89), np.float64(0.89), np.float64(0.89), np.float64(0.89), np.float64(0.89), np.float64(0.89), np.float64(0.89), np.float64(0.89), np.float64(0.89), np.float64(0.89), np.float64(0.89), np.float64(0.89), np.float64(0.89), np.float64(0.89), np.float64(0.89), np.float64(0.89), np.float64(0.89), np.float64(0.89), np.float64(0.89), np.float64(0.89), np.float64(0.89), np.float64(0.89), np.float64(0.89), np.float64(0.89), np.float64(0.89), np.float64(0.89), np.float64(0.89), np.float64(0.89), np.float64(0.89), np.float64(0.89), np.float64(0.89), np.float64(0.89), np.float64(0.89), np.float64(0.89), np.float64(0.89), np.float64(0.89), np.float64(0.89), np.float64(0.89), np.float64(0.89)]","[np.float64(0.029), np.float64(0.128), np.float64(0.131), np.float64(0.153), np.float64(0.167), np.float64(0.083), np.float64(0.147), np.float64(0.125), np.float64(0.019)]","[np.float64(0.07), np.float64(-3.26), np.float64(0.18), np.float64(0.06)]",0.07,-3.26,0.18,0.06,
2022-03-01,1,160,327,Bpod5,387,198,189,208,168,339,181,158,172,163,37,10,27,0.875968992248062,0.9141414141414141,0.8359788359788359,376,191,185,200,118,82,0.5673076923076923,0.4880952380952381,172,86,86,0.41346153846153844,0.5119047619047619,0.901595744680851,0.9476439790575916,0.8540540540540541,0.928125,-0.09358992500353747,0.86,0.9476744186046512,-0.0876744186046512,0.5277014652014652,0.46268315018315015,11,7,4,0.028423772609819122,0.03535353535353535,0.021164021164021163,339,181,158,847.5,452.5,395.0,4.0,0,0,0,0.2,,"psych_curve(xdata=array([-70.,  -8.,  -4.,  -2.,   0.,   2.,   4.,   8.,  70.]), ydata=[np.float64(0.006), np.float64(0.0), np.float64(0.429), np.float64(0.667), np.float64(0.833), np.float64(0.9), np.float64(0.778), np.float64(0.909), np.float64(0.852)], fit=[np.float64(-0.01), np.float64(-0.01), np.float64(-0.01), np.float64(-0.01), np.float64(-0.01), np.float64(-0.01), np.float64(-0.01), np.float64(-0.01), np.float64(-0.01), np.float64(-0.01), np.float64(-0.01), np.float64(-0.01), np.float64(-0.01), np.float64(-0.01), np.float64(-0.01), np.float64(-0.01), np.float64(-0.01), np.float64(-0.01), np.float64(-0.01), np.float64(-0.01), np.float64(-0.01), np.float64(-0.01), np.float64(-0.01), np.float64(-0.01), np.float64(-0.01), np.float64(-0.01), np.float64(-0.01), np.float64(-0.01), np.float64(-0.01), np.float64(-0.01), np.float64(-0.01), np.float64(-0.01), np.float64(-0.01), np.float64(-0.01), np.float64(-0.01), np.float64(-0.01), np.float64(-0.01), np.float64(-0.01), np.float64(-0.01), np.float64(-0.01), np.float64(-0.009), np.float64(-0.008), np.float64(-0.004), np.float64(0.006), np.float64(0.036), np.float64(0.11), np.float64(0.265), np.float64(0.487), np.float64(0.681), np.float64(0.788), np.float64(0.834), np.float64(0.851), np.float64(0.857), np.float64(0.859), np.float64(0.86), np.float64(0.86), np.float64(0.86), np.float64(0.86), np.float64(0.86), np.float64(0.86), np.float64(0.86), np.float64(0.86), np.float64(0.86), np.float64(0.86), np.float64(0.86), np.float64(0.86), np.float64(0.86), np.float64(0.86), np.float64(0.86), np.float64(0.86), np.float64(0.86), np.float64(0.86), np.float64(0.86), np.float64(0.86), np.float64(0.86), np.float64(0.86), np.float64(0.86), np.float64(0.86), np.float64(0.86), np.float64(0.86), np.float64(0.86), np.float64(0.86), np.float64(0.86), np.float64(0.86), np.float64(0.86), np.float64(0.86), np.float64(0.86), np.float64(0.86), np.float64(0.86), np.float64(0.86), np.float64(0.86), np.float64(0.86), np.float64(0.86), np.float64(0.86), np.float64(0.86), np.float64(0.86), np.float64(0.86), np.float64(0.86), np.float64(0.86), np.float64(0.86)], params=[np.float64(0.75), np.float64(-3.92), np.float64(-0.01), np.float64(0.14)], fit_error=[np.float64(0.006), np.float64(0.0), np.float64(0.202), np.float64(0.167), np.float64(0.167), np.float64(0.1), np.float64(0.147), np.float64(0.091), np.float64(0.029)])",[-70.  -8.  -4.  -2.   0.   2.   4.   8.  70.],"[np.float64(0.006), np.float64(0.0), np.float64(0.429), np.float64(0.667), np.float64(0.833), np.float64(0.9), np.float64(0.778), np.float64(0.909), np.float64(0.852)]","[np.float64(-0.01), np.float64(-0.01), np.float64(-0.01), np.float64(-0.01), np.float64(-0.01), np.float64(-0.01), np.float64(-0.01), np.float64(-0.01), np.float64(-0.01), np.float64(-0.01), np.float64(-0.01), np.float64(-0.01), np.float64(-0.01), np.float64(-0.01), np.float64(-0.01), np.float64(-0.01), np.float64(-0.01), np.float64(-0.01), np.float64(-0.01), np.float64(-0.01), np.float64(-0.01), np.float64(-0.01), np.float64(-0.01), np.float64(-0.01), np.float64(-0.01), np.float64(-0.01), np.float64(-0.01), np.float64(-0.01), np.float64(-0.01), np.float64(-0.01), np.float64(-0.01), np.float64(-0.01), np.float64(-0.01), np.float64(-0.01), np.float64(-0.01), np.float64(-0.01), np.float64(-0.01), np.float64(-0.01), np.float64(-0.01), np.float64(-0.01), np.float64(-0.009), np.float64(-0.008), np.float64(-0.004), np.float64(0.006), np.float64(0.036), np.float64(0.11), np.float64(0.265), np.float64(0.487), np.float64(0.681), np.float64(0.788), np.float64(0.834), np.float64(0.851), np.float64(0.857), np.float64(0.859), np.float64(0.86), np.float64(0.86), np.float64(0.86), np.float64(0.86), np.float64(0.86), np.float64(0.86), np.float64(0.86), np.float64(0.86), np.float64(0.86), np.float64(0.86), np.float64(0.86), np.float64(0.86), np.float64(0.86), np.float64(0.86), np.float64(0.86), np.float64(0.86), np.float64(0.86), np.float64(0.86), np.float64(0.86), np.float64(0.86), np.float64(0.86), np.float64(0.86), np.float64(0.86), np.float64(0.86), np.float64(0.86), np.float64(0.86), np.float64(0.86), np.float64(0.86), np.float64(0.86), np.float64(0.86), np.float64(0.86), np.float64(0.86), np.float64(0.86), np.float64(0.86), np.float64(0.86), np.float64(0.86), np.float64(0.86), np.float64(0.86), np.float64(0.86), np.float64(0.86), np.float64(0.86), np.float64(0.86), np.float64(0.86), np.float64(0.86), np.float64(0.86), np.float64(0.86)]","[np.float64(0.006), np.float64(0.0), np.float64(0.202), np.float64(0.167), np.float64(0.167), np.float64(0.1), np.float64(0.147), np.float64(0.091), np.float64(0.029)]","[np.float64(0.75), np.float64(-3.92), np.float64(-0.01), np.float64(0.14)]",0.75,-3.92,-0.01,0.14,"psych_curve(xdata=array([-70.,  -8.,  -4.,  -2.,   0.,   2.,   4.,   8.,  70.]), ydata=[np.float64(0.108), np.float64(0.1), np.float64(0.444), np.float64(0.417), np.float64(0.833), np.float64(0.714), np.float64(0.857), np.float64(1.0), np.float64(0.962)], fit=[np.float64(nan), np.float64(nan), np.float64(nan), np.float64(nan), np.float64(nan), np.float64(nan), np.float64(nan), np.float64(nan), np.float64(nan), np.float64(nan), np.float64(nan), np.float64(nan), np.float64(nan), np.float64(nan), np.float64(nan), np.float64(nan), np.float64(nan), np.float64(nan), np.float64(nan), np.float64(nan), np.float64(nan), np.float64(nan), np.float64(nan), np.float64(nan), np.float64(nan), np.float64(nan), np.float64(nan), np.float64(nan), np.float64(nan), np.float64(nan), np.float64(nan), np.float64(nan), np.float64(nan), np.float64(nan), np.float64(nan), np.float64(nan), np.float64(nan), np.float64(nan), np.float64(nan), np.float64(nan), np.float64(nan), np.float64(nan), np.float64(nan), np.float64(nan), np.float64(nan), np.float64(nan), np.float64(nan), np.float64(nan), np.float64(nan), np.float64(nan), np.float64(nan), np.float64(nan), np.float64(nan), np.float64(nan), np.float64(nan), np.float64(nan), np.float64(nan), np.float64(nan), np.float64(nan), np.float64(nan), np.float64(nan), np.float64(nan), np.float64(nan), np.float64(nan), np.float64(nan), np.float64(nan), np.float64(nan), np.float64(nan), np.float64(nan), np.float64(nan), np.float64(nan), np.float64(nan), np.float64(nan), np.float64(nan), np.float64(nan), np.float64(nan), np.float64(nan), np.float64(nan), np.float64(nan), np.float64(nan), np.float64(nan), np.float64(nan), np.float64(nan), np.float64(nan), np.float64(nan), np.float64(nan), np.float64(nan), np.float64(nan), np.float64(nan), np.float64(nan), np.float64(nan), np.float64(nan), np.float64(nan), np.float64(nan), np.float64(nan), np.float64(nan), np.float64(nan), np.float64(nan), np.float64(nan), np.float64(nan)], params=[np.float64(0.38), np.float64(-2.06), np.float64(0.08), np.float64(0.03)], fit_error=[np.float64(0.025), np.float64(0.1), np.float64(0.176), np.float64(0.149), np.float64(0.167), np.float64(0.184), np.float64(0.143), np.float64(0.0), np.float64(0.015)])",[-70.  -8.  -4.  -2.   0.   2.   4.   8.  70.],"[np.float64(0.006), np.float64(0.0), np.float64(0.429), np.float64(0.667), np.float64(0.833), np.float64(0.9), np.float64(0.778), np.float64(0.909), np.float64(0.852)]","[np.float64(-0.01), np.float64(-0.01), np.float64(-0.01), np.float64(-0.01), np.float64(-0.01), np.float64(-0.01), np.float64(-0.01), np.float64(-0.01), np.float64(-0.01), np.float64(-0.01), np.float64(-0.01), np.float64(-0.01), np.float64(-0.01), np.float64(-0.01), np.float64(-0.01), np.float64(-0.01), np.float64(-0.01), np.float64(-0.01), np.float64(-0.01), np.float64(-0.01), np.float64(-0.01), np.float64(-0.01), np.float64(-0.01), np.float64(-0.01), np.float64(-0.01), np.float64(-0.01), np.float64(-0.01), np.float64(-0.01), np.float64(-0.01), np.float64(-0.01), np.float64(-0.01), np.float64(-0.01), np.float64(-0.01), np.float64(-0.01), np.float64(-0.01), np.float64(-0.01), np.float64(-0.01), np.float64(-0.01), np.float64(-0.01), np.float64(-0.01), np.float64(-0.009), np.float64(-0.008), np.float64(-0.004), np.float64(0.006), np.float64(0.036), np.float64(0.11), np.float64(0.265), np.float64(0.487), np.float64(0.681), np.float64(0.788), np.float64(0.834), np.float64(0.851), np.float64(0.857), np.float64(0.859), np.float64(0.86), np.float64(0.86), np.float64(0.86), np.float64(0.86), np.float64(0.86), np.float64(0.86), np.float64(0.86), np.float64(0.86), np.float64(0.86), np.float64(0.86), np.float64(0.86), np.float64(0.86), np.float64(0.86), np.float64(0.86), np.float64(0.86), np.float64(0.86), np.float64(0.86), np.float64(0.86), np.float64(0.86), np.float64(0.86), np.float64(0.86), np.float64(0.86), np.float64(0.86), np.float64(0.86), np.float64(0.86), np.float64(0.86), np.float64(0.86), np.float64(0.86), np.float64(0.86), np.float64(0.86), np.float64(0.86), np.float64(0.86), np.float64(0.86), np.float64(0.86), np.float64(0.86), np.float64(0.86), np.float64(0.86), np.float64(0.86), np.float64(0.86), np.float64(0.86), np.float64(0.86), np.float64(0.86), np.float64(0.86), np.float64(0.86), np.float64(0.86), np.float64(0.86)]","[np.float64(0.006), np.float64(0.0), np.float64(0.202), np.float64(0.167), np.float64(0.167), np.float64(0.1), np.float64(0.147), np.float64(0.091), np.float64(0.029)]","[np.float64(0.38), np.float64(-2.06), np.float64(0.08), np.float64(0.03)]",0.38,-2.06,0.08,0.03,
2022-03-02,2,161,327,Bpod5,405,196,209,198,187,342,172,170,157,174,43,17,26,0.8444444444444444,0.8775510204081632,0.8133971291866029,385,189,196,187,101,86,0.51010101010101,0.45989304812834225,186,94,92,0.47474747474747475,0.4919786096256685,0.8883116883116883,0.91005291005291,0.8673469387755102,0.9204152249134948,-0.042705971277399835,0.839572192513369,0.9354838709677419,-0.09591167845437287,0.4849970291146761,0.4833630421865716,20,7,13,0.04938271604938271,0.03571428571428571,0.06220095693779904,342,172,170,855.0,430.0,425.0,4.0,0,0,0,0.25,,"psych_curve(xdata=array([-70.,  -8.,  -4.,  -2.,   0.,   2.,   4.,   8.,  70.]), ydata=[np.float64(0.021), np.float64(0.267), np.float64(0.231), np.float64(0.214), np.float64(0.882), np.float64(0.778), np.float64(0.941), np.float64(0.818), np.float64(0.864)], fit=[np.float64(0.17), np.float64(0.17), np.float64(0.17), np.float64(0.17), np.float64(0.17), np.float64(0.17), np.float64(0.17), np.float64(0.17), np.float64(0.17), np.float64(0.17), np.float64(0.17), np.float64(0.17), np.float64(0.17), np.float64(0.17), np.float64(0.17), np.float64(0.17), np.float64(0.17), np.float64(0.17), np.float64(0.17), np.float64(0.17), np.float64(0.17), np.float64(0.17), np.float64(0.17), np.float64(0.17), np.float64(0.17), np.float64(0.17), np.float64(0.17), np.float64(0.17), np.float64(0.17), np.float64(0.17), np.float64(0.17), np.float64(0.17), np.float64(0.17), np.float64(0.17), np.float64(0.17), np.float64(0.17), np.float64(0.17), np.float64(0.17), np.float64(0.17), np.float64(0.17), np.float64(0.17), np.float64(0.17), np.float64(0.17), np.float64(0.17), np.float64(0.17), np.float64(0.17), np.float64(0.17), np.float64(0.17), np.float64(0.186), np.float64(0.859), np.float64(0.86), np.float64(0.86), np.float64(0.86), np.float64(0.86), np.float64(0.86), np.float64(0.86), np.float64(0.86), np.float64(0.86), np.float64(0.86), np.float64(0.86), np.float64(0.86), np.float64(0.86), np.float64(0.86), np.float64(0.86), np.float64(0.86), np.float64(0.86), np.float64(0.86), np.float64(0.86), np.float64(0.86), np.float64(0.86), np.float64(0.86), np.float64(0.86), np.float64(0.86), np.float64(0.86), np.float64(0.86), np.float64(0.86), np.float64(0.86), np.float64(0.86), np.float64(0.86), np.float64(0.86), np.float64(0.86), np.float64(0.86), np.float64(0.86), np.float64(0.86), np.float64(0.86), np.float64(0.86), np.float64(0.86), np.float64(0.86), np.float64(0.86), np.float64(0.86), np.float64(0.86), np.float64(0.86), np.float64(0.86), np.float64(0.86), np.float64(0.86), np.float64(0.86), np.float64(0.86), np.float64(0.86), np.float64(0.86), np.float64(0.86)], params=[np.float64(7.72), np.float64(-1.64), np.float64(0.17), np.float64(0.14)], fit_error=[np.float64(0.012), np.float64(0.118), np.float64(0.122), np.float64(0.114), np.float64(0.081), np.float64(0.147), np.float64(0.059), np.float64(0.122), np.float64(0.028)])",[-70.  -8.  -4.  -2.   0.   2.   4.   8.  70.],"[np.float64(0.021), np.float64(0.267), np.float64(0.231), np.float64(0.214), np.float64(0.882), np.float64(0.778), np.float64(0.941), np.float64(0.818), np.float64(0.864)]","[np.float64(0.17), np.float64(0.17), np.float64(0.17), np.float64(0.17), np.float64(0.17), np.float64(0.17), np.float64(0.17), np.float64(0.17), np.float64(0.17), np.float64(0.17), np.float64(0.17), np.float64(0.17), np.float64(0.17), np.float64(0.17), np.float64(0.17), np.float64(0.17), np.float64(0.17), np.float64(0.17), np.float64(0.17), np.float64(0.17), np.float64(0.17), np.float64(0.17), np.float64(0.17), np.float64(0.17), np.float64(0.17), np.float64(0.17), np.float64(0.17), np.float64(0.17), np.float64(0.17), np.float64(0.17), np.float64(0.17), np.float64(0.17), np.float64(0.17), np.float64(0.17), np.float64(0.17), np.float64(0.17), np.float64(0.17), np.float64(0.17), np.float64(0.17), np.float64(0.17), np.float64(0.17), np.float64(0.17), np.float64(0.17), np.float64(0.17), np.float64(0.17), np.float64(0.17), np.float64(0.17), np.float64(0.17), np.float64(0.186), np.float64(0.859), np.float64(0.86), np.float64(0.86), np.float64(0.86), np.float64(0.86), np.float64(0.86), np.float64(0.86), np.float64(0.86), np.float64(0.86), np.float64(0.86), np.float64(0.86), np.float64(0.86), np.float64(0.86), np.float64(0.86), np.float64(0.86), np.float64(0.86), np.float64(0.86), np.float64(0.86), np.float64(0.86), np.float64(0.86), np.float64(0.86), np.float64(0.86), np.float64(0.86), np.float64(0.86), np.float64(0.86), np.float64(0.86), np.float64(0.86), np.float64(0.86), np.float64(0.86), np.float64(0.86), np.float64(0.86), np.float64(0.86), np.float64(0.86), np.float64(0.86), np.float64(0.86), np.float64(0.86), np.float64(0.86), np.float64(0.86), np.float64(0.86), np.float64(0.86), np.float64(0.86), np.float64(0.86), np.float64(0.86), np.float64(0.86), np.float64(0.86), np.float64(0.86), np.float64(0.86), np.float64(0.86), np.float64(0.86), np.float64(0.86), np.float64(0.86)]","[np.float64(0.012), np.float64(0.118), np.float64(0.122), np.float64(0.114), np.float64(0.081), np.float64(0.147), np.float64(0.059), np.float64(0.122), np.float64(0.028)]","[np.float64(7.72), np.float64(-1.64), np.float64(0.17), np.float64(0.14)]",7.72,-1.64,0.17,0.14,"psych_curve(xdata=array([-70.,  -8.,  -4.,  -2.,  -0.,   2.,   4.,   8.,  70.]), ydata=[np.float64(0.099), np.float64(0.417), np.float64(0.167), np.float64(0.25), np.float64(0.5), np.float64(0.8), np.float64(0.917), np.float64(1.0), np.float64(0.938)], fit=[np.float64(nan), np.float64(nan), np.float64(nan), np.float64(nan), np.float64(nan), np.float64(nan), np.float64(nan), np.float64(nan), np.float64(nan), np.float64(nan), np.float64(nan), np.float64(nan), np.float64(nan), np.float64(nan), np.float64(nan), np.float64(nan), np.float64(nan), np.float64(nan), np.float64(nan), np.float64(nan), np.float64(nan), np.float64(nan), np.float64(nan), np.float64(nan), np.float64(nan), np.float64(nan), np.float64(nan), np.float64(nan), np.float64(nan), np.float64(nan), np.float64(nan), np.float64(nan), np.float64(nan), np.float64(nan), np.float64(nan), np.float64(nan), np.float64(nan), np.float64(nan), np.float64(nan), np.float64(nan), np.float64(nan), np.float64(nan), np.float64(nan), np.float64(nan), np.float64(nan), np.float64(nan), np.float64(nan), np.float64(nan), np.float64(nan), np.float64(nan), np.float64(nan), np.float64(nan), np.float64(nan), np.float64(nan), np.float64(nan), np.float64(nan), np.float64(nan), np.float64(nan), np.float64(nan), np.float64(nan), np.float64(nan), np.float64(nan), np.float64(nan), np.float64(nan), np.float64(nan), np.float64(nan), np.float64(nan), np.float64(nan), np.float64(nan), np.float64(nan), np.float64(nan), np.float64(nan), np.float64(nan), np.float64(nan), np.float64(nan), np.float64(nan), np.float64(nan), np.float64(nan), np.float64(nan), np.float64(nan), np.float64(nan), np.float64(nan), np.float64(nan), np.float64(nan), np.float64(nan), np.float64(nan), np.float64(nan), np.float64(nan), np.float64(nan), np.float64(nan), np.float64(nan), np.float64(nan), np.float64(nan), np.float64(nan), np.float64(nan), np.float64(nan), np.float64(nan), np.float64(nan), np.float64(nan), np.float64(nan)], params=[np.float64(0.99), np.float64(0.61), np.float64(0.22), np.float64(0.04)], fit_error=[np.float64(0.024), np.float64(0.149), np.float64(0.09), np.float64(0.131), np.float64(0.129), np.float64(0.133), np.float64(0.083), np.float64(0.0), np.float64(0.021)])",[-70.  -8.  -4.  -2.   0.   2.   4.   8.  70.],"[np.float64(0.021), np.float64(0.267), np.float64(0.231), np.float64(0.214), np.float64(0.882), np.float64(0.778), np.float64(0.941), np.float64(0.818), np.float64(0.864)]","[np.float64(0.17), np.float64(0.17), np.float64(0.17), np.float64(0.17), np.float64(0.17), np.float64(0.17), np.float64(0.17), np.float64(0.17), np.float64(0.17), np.float64(0.17), np.float64(0.17), np.float64(0.17), np.float64(0.17), np.float64(0.17), np.float64(0.17), np.float64(0.17), np.float64(0.17), np.float64(0.17), np.float64(0.17), np.float64(0.17), np.float64(0.17), np.float64(0.17), np.float64(0.17), np.float64(0.17), np.float64(0.17), np.float64(0.17), np.float64(0.17), np.float64(0.17), np.float64(0.17), np.float64(0.17), np.float64(0.17), np.float64(0.17), np.float64(0.17), np.float64(0.17), np.float64(0.17), np.float64(0.17), np.float64(0.17), np.float64(0.17), np.float64(0.17), np.float64(0.17), np.float64(0.17), np.float64(0.17), np.float64(0.17), np.float64(0.17), np.float64(0.17), np.float64(0.17), np.float64(0.17), np.float64(0.17), np.float64(0.186), np.float64(0.859), np.float64(0.86), np.float64(0.86), np.float64(0.86), np.float64(0.86), np.float64(0.86), np.float64(0.86), np.float64(0.86), np.float64(0.86), np.float64(0.86), np.float64(0.86), np.float64(0.86), np.float64(0.86), np.float64(0.86), np.float64(0.86), np.float64(0.86), np.float64(0.86), np.float64(0.86), np.float64(0.86), np.float64(0.86), np.float64(0.86), np.float64(0.86), np.float64(0.86), np.float64(0.86), np.float64(0.86), np.float64(0.86), np.float64(0.86), np.float64(0.86), np.float64(0.86), np.float64(0.86), np.float64(0.86), np.float64(0.86), np.float64(0.86), np.float64(0.86), np.float64(0.86), np.float64(0.86), np.float64(0.86), np.float64(0.86), np.float64(0.86), np.float64(0.86), np.float64(0.86), np.float64(0.86), np.float64(0.86), np.float64(0.86), np.float64(0.86), np.float64(0.86), np.float64(0.86), np.float64(0.86), np.float64(0.86), np.float64(0.86), np.float64(0.86)]","[np.float64(0.012), np.float64(0.118), np.float64(0.122), np.float64(0.114), np.float64(0.081), np.float64(0.147), np.float64(0.059), np.float64(0.122), np.float64(0.028)]","[np.float64(0.99), np.float64(0.61), np.float64(0.22), np.float64(0.04)]",0.99,0.61,0.22,0.04,
2022-03-03,3,162,327,Bpod5,376,187,189,184,170,319,164,155,145,160,35,15,20,0.848404255319149,0.8770053475935828,0.8201058201058201,354,179,175,164,87,77,0.47282608695652173,0.45294117647058824,176,86,90,0.4673913043478261,0.5294117647058824,0.9011299435028248,0.9162011173184358,0.8857142857142857,0.9432624113475178,-0.03048683160415011,0.8841463414634146,0.9090909090909091,-0.02494456762749442,0.46288363171355495,0.4984015345268542,22,8,14,0.05851063829787234,0.0427807486631016,0.07407407407407407,319,164,155,797.5,410.0,387.5,4.0,0,0,0,0.25,,"psych_curve(xdata=array([-70.,  -8.,  -4.,  -2.,   0.,   2.,   4.,   8.,  70.]), ydata=[np.float64(0.014), np.float64(0.154), np.float64(0.444), np.float64(0.625), np.float64(0.667), np.float64(0.9), np.float64(0.5), np.float64(1.0), np.float64(0.899)], fit=[np.float64(0.0), np.float64(0.0), np.float64(0.0), np.float64(0.0), np.float64(0.0), np.float64(0.0), np.float64(0.0), np.float64(0.0), np.float64(0.0), np.float64(0.0), np.float64(0.0), np.float64(0.0), np.float64(0.0), np.float64(0.0), np.float64(0.0), np.float64(0.0), np.float64(0.0), np.float64(0.0), np.float64(0.0), np.float64(0.0), np.float64(0.0), np.float64(0.0), np.float64(0.0), np.float64(0.0), np.float64(0.0), np.float64(0.0), np.float64(0.0), np.float64(0.0), np.float64(0.0), np.float64(0.0), np.float64(0.001), np.float64(0.001), np.float64(0.001), np.float64(0.002), np.float64(0.003), np.float64(0.005), np.float64(0.008), np.float64(0.013), np.float64(0.019), np.float64(0.03), np.float64(0.045), np.float64(0.068), np.float64(0.101), np.float64(0.147), np.float64(0.209), np.float64(0.286), np.float64(0.376), np.float64(0.472), np.float64(0.565), np.float64(0.647), np.float64(0.714), np.float64(0.766), np.float64(0.803), np.float64(0.828), np.float64(0.846), np.float64(0.858), np.float64(0.866), np.float64(0.871), np.float64(0.874), np.float64(0.876), np.float64(0.877), np.float64(0.878), np.float64(0.879), np.float64(0.879), np.float64(0.88), np.float64(0.88), np.float64(0.88), np.float64(0.88), np.float64(0.88), np.float64(0.88), np.float64(0.88), np.float64(0.88), np.float64(0.88), np.float64(0.88), np.float64(0.88), np.float64(0.88), np.float64(0.88), np.float64(0.88), np.float64(0.88), np.float64(0.88), np.float64(0.88), np.float64(0.88), np.float64(0.88), np.float64(0.88), np.float64(0.88), np.float64(0.88), np.float64(0.88), np.float64(0.88), np.float64(0.88), np.float64(0.88), np.float64(0.88), np.float64(0.88), np.float64(0.88), np.float64(0.88), np.float64(0.88), np.float64(0.88), np.float64(0.88), np.float64(0.88), np.float64(0.88), np.float64(0.88)], params=[np.float64(0.31), np.float64(-4.01), np.float64(-0.0), np.float64(0.12)], fit_error=[np.float64(0.01), np.float64(0.104), np.float64(0.176), np.float64(0.183), np.float64(0.167), np.float64(0.1), np.float64(0.167), np.float64(0.0), np.float64(0.026)])",[-70.  -8.  -4.  -2.   0.   2.   4.   8.  70.],"[np.float64(0.014), np.float64(0.154), np.float64(0.444), np.float64(0.625), np.float64(0.667), np.float64(0.9), np.float64(0.5), np.float64(1.0), np.float64(0.899)]","[np.float64(0.0), np.float64(0.0), np.float64(0.0), np.float64(0.0), np.float64(0.0), np.float64(0.0), np.float64(0.0), np.float64(0.0), np.float64(0.0), np.float64(0.0), np.float64(0.0), np.float64(0.0), np.float64(0.0), np.float64(0.0), np.float64(0.0), np.float64(0.0), np.float64(0.0), np.float64(0.0), np.float64(0.0), np.float64(0.0), np.float64(0.0), np.float64(0.0), np.float64(0.0), np.float64(0.0), np.float64(0.0), np.float64(0.0), np.float64(0.0), np.float64(0.0), np.float64(0.0), np.float64(0.0), np.float64(0.001), np.float64(0.001), np.float64(0.001), np.float64(0.002), np.float64(0.003), np.float64(0.005), np.float64(0.008), np.float64(0.013), np.float64(0.019), np.float64(0.03), np.float64(0.045), np.float64(0.068), np.float64(0.101), np.float64(0.147), np.float64(0.209), np.float64(0.286), np.float64(0.376), np.float64(0.472), np.float64(0.565), np.float64(0.647), np.float64(0.714), np.float64(0.766), np.float64(0.803), np.float64(0.828), np.float64(0.846), np.float64(0.858), np.float64(0.866), np.float64(0.871), np.float64(0.874), np.float64(0.876), np.float64(0.877), np.float64(0.878), np.float64(0.879), np.float64(0.879), np.float64(0.88), np.float64(0.88), np.float64(0.88), np.float64(0.88), np.float64(0.88), np.float64(0.88), np.float64(0.88), np.float64(0.88), np.float64(0.88), np.float64(0.88), np.float64(0.88), np.float64(0.88), np.float64(0.88), np.float64(0.88), np.float64(0.88), np.float64(0.88), np.float64(0.88), np.float64(0.88), np.float64(0.88), np.float64(0.88), np.float64(0.88), np.float64(0.88), np.float64(0.88), np.float64(0.88), np.float64(0.88), np.float64(0.88), np.float64(0.88), np.float64(0.88), np.float64(0.88), np.float64(0.88), np.float64(0.88), np.float64(0.88), np.float64(0.88), np.float64(0.88), np.float64(0.88), np.float64(0.88)]","[np.float64(0.01), np.float64(0.104), np.float64(0.176), np.float64(0.183), np.float64(0.167), np.float64(0.1), np.float64(0.167), np.float64(0.0), np.float64(0.026)]","[np.float64(0.31), np.float64(-4.01), np.float64(-0.0), np.float64(0.12)]",0.31,-4.01,-0.0,0.12,"psych_curve(xdata=array([-70.,  -8.,  -4.,  -2.,   0.,   2.,   4.,   8.,  70.]), ydata=[np.float64(0.07), np.float64(0.125), np.float64(0.333), np.float64(0.5), np.float64(0.556), np.float64(0.7), np.float64(0.286), np.float64(1.0), np.float64(0.953)], fit=[np.float64(nan), np.float64(nan), np.float64(nan), np.float64(nan), np.float64(nan), np.float64(nan), np.float64(nan), np.float64(nan), np.float64(nan), np.float64(nan), np.float64(nan), np.float64(nan), np.float64(nan), np.float64(nan), np.float64(nan), np.float64(nan), np.float64(nan), np.float64(nan), np.float64(nan), np.float64(nan), np.float64(nan), np.float64(nan), np.float64(nan), np.float64(nan), np.float64(nan), np.float64(nan), np.float64(nan), np.float64(nan), np.float64(nan), np.float64(nan), np.float64(nan), np.float64(nan), np.float64(nan), np.float64(nan), np.float64(nan), np.float64(nan), np.float64(nan), np.float64(nan), np.float64(nan), np.float64(nan), np.float64(nan), np.float64(nan), np.float64(nan), np.float64(nan), np.float64(nan), np.float64(nan), np.float64(nan), np.float64(nan), np.float64(nan), np.float64(nan), np.float64(nan), np.float64(nan), np.float64(nan), np.float64(nan), np.float64(nan), np.float64(nan), np.float64(nan), np.float64(nan), np.float64(nan), np.float64(nan), np.float64(nan), np.float64(nan), np.float64(nan), np.float64(nan), np.float64(nan), np.float64(nan), np.float64(nan), np.float64(nan), np.float64(nan), np.float64(nan), np.float64(nan), np.float64(nan), np.float64(nan), np.float64(nan), np.float64(nan), np.float64(nan), np.float64(nan), np.float64(nan), np.float64(nan), np.float64(nan), np.float64(nan), np.float64(nan), np.float64(nan), np.float64(nan), np.float64(nan), np.float64(nan), np.float64(nan), np.float64(nan), np.float64(nan), np.float64(nan), np.float64(nan), np.float64(nan), np.float64(nan), np.float64(nan), np.float64(nan), np.float64(nan), np.float64(nan), np.float64(nan), np.float64(nan), np.float64(nan)], params=[np.float64(0.19), np.float64(0.43), np.float64(0.05), np.float64(0.02)], fit_error=[np.float64(0.021), np.float64(0.085), np.float64(0.142), np.float64(0.224), np.float64(0.176), np.float64(0.153), np.float64(0.184), np.float64(0.0), np.float64(0.019)])",[-70.  -8.  -4.  -2.   0.   2.   4.   8.  70.],"[np.float64(0.014), np.float64(0.154), np.float64(0.444), np.float64(0.625), np.float64(0.667), np.float64(0.9), np.float64(0.5), np.float64(1.0), np.float64(0.899)]","[np.float64(0.0), np.float64(0.0), np.float64(0.0), np.float64(0.0), np.float64(0.0), np.float64(0.0), np.float64(0.0), np.float64(0.0), np.float64(0.0), np.float64(0.0), np.float64(0.0), np.float64(0.0), np.float64(0.0), np.float64(0.0), np.float64(0.0), np.float64(0.0), np.float64(0.0), np.float64(0.0), np.float64(0.0), np.float64(0.0), np.float64(0.0), np.float64(0.0), np.float64(0.0), np.float64(0.0), np.float64(0.0), np.float64(0.0), np.float64(0.0), np.float64(0.0), np.float64(0.0), np.float64(0.0), np.float64(0.001), np.float64(0.001), np.float64(0.001), np.float64(0.002), np.float64(0.003), np.float64(0.005), np.float64(0.008), np.float64(0.013), np.float64(0.019), np.float64(0.03), np.float64(0.045), np.float64(0.068), np.float64(0.101), np.float64(0.147), np.float64(0.209), np.float64(0.286), np.float64(0.376), np.float64(0.472), np.float64(0.565), np.float64(0.647), np.float64(0.714), np.float64(0.766), np.float64(0.803), np.float64(0.828), np.float64(0.846), np.float64(0.858), np.float64(0.866), np.float64(0.871), np.float64(0.874), np.float64(0.876), np.float64(0.877), np.float64(0.878), np.float64(0.879), np.float64(0.879), np.float64(0.88), np.float64(0.88), np.float64(0.88), np.float64(0.88), np.float64(0.88), np.float64(0.88), np.float64(0.88), np.float64(0.88), np.float64(0.88), np.float64(0.88), np.float64(0.88), np.float64(0.88), np.float64(0.88), np.float64(0.88), np.float64(0.88), np.float64(0.88), np.float64(0.88), np.float64(0.88), np.float64(0.88), np.float64(0.88), np.float64(0.88), np.float64(0.88), np.float64(0.88), np.float64(0.88), np.float64(0.88), np.float64(0.88), np.float64(0.88), np.float64(0.88), np.float64(0.88), np.float64(0.88), np.float64(0.88), np.float64(0.88), np.float64(0.88), np.float64(0.88), np.float64(0.88), np.float64(0.88)]","[np.float64(0.01), np.float64(0.104), np.float64(0.176), np.float64(0.183), np.float64(0.167), np.float64(0.1), np.float64(0.167), np.float64(0.0), np.float64(0.026)]","[np.float64(0.19), np.float64(0.43), np.float64(0.05), np.float64(0.02)]",0.19,0.43,0.05,0.02,
2022-03-04,4,163,327,Bpod5,209,87,122,74,59,98,47,51,63,31,35,8,27,0.4688995215311005,0.5402298850574713,0.4180327868852459,133,55,78,93,56,37,0.7567567567567568,0.6271186440677966,34,17,17,0.22972972972972974,0.288135593220339,0.7368421052631579,0.8545454545454545,0.6538461538461539,0.7475728155339806,-0.20069930069930064,0.6774193548387096,0.9117647058823529,-0.2343453510436433,0.6919377004122766,0.25893266147503435,76,32,44,0.36363636363636365,0.367816091954023,0.36065573770491804,98,47,51,245.0,117.5,127.5,4.0,0,0,0,0.25,,"psych_curve(xdata=array([-70.,  -8.,  -4.,  -2.,   0.,   2.,   4.,   8.,  70.]), ydata=[np.float64(0.077), np.float64(0.2), np.float64(0.5), np.float64(0.0), np.float64(0.375), np.float64(1.0), np.float64(1.0), np.float64(0.667), np.float64(0.641)], fit=[np.float64(0.19), np.float64(0.19), np.float64(0.19), np.float64(0.19), np.float64(0.19), np.float64(0.19), np.float64(0.19), np.float64(0.19), np.float64(0.19), np.float64(0.19), np.float64(0.19), np.float64(0.19), np.float64(0.19), np.float64(0.19), np.float64(0.19), np.float64(0.19), np.float64(0.19), np.float64(0.19), np.float64(0.19), np.float64(0.19), np.float64(0.19), np.float64(0.19), np.float64(0.19), np.float64(0.19), np.float64(0.19), np.float64(0.19), np.float64(0.19), np.float64(0.19), np.float64(0.19), np.float64(0.19), np.float64(0.19), np.float64(0.19), np.float64(0.19), np.float64(0.19), np.float64(0.19), np.float64(0.19), np.float64(0.19), np.float64(0.19), np.float64(0.19), np.float64(0.19), np.float64(0.19), np.float64(0.19), np.float64(0.19), np.float64(0.19), np.float64(0.19), np.float64(0.19), np.float64(0.19), np.float64(0.19), np.float64(0.19), np.float64(0.191), np.float64(0.826), np.float64(0.83), np.float64(0.83), np.float64(0.83), np.float64(0.83), np.float64(0.83), np.float64(0.83), np.float64(0.83), np.float64(0.83), np.float64(0.83), np.float64(0.83), np.float64(0.83), np.float64(0.83), np.float64(0.83), np.float64(0.83), np.float64(0.83), np.float64(0.83), np.float64(0.83), np.float64(0.83), np.float64(0.83), np.float64(0.83), np.float64(0.83), np.float64(0.83), np.float64(0.83), np.float64(0.83), np.float64(0.83), np.float64(0.83), np.float64(0.83), np.float64(0.83), np.float64(0.83), np.float64(0.83), np.float64(0.83), np.float64(0.83), np.float64(0.83), np.float64(0.83), np.float64(0.83), np.float64(0.83), np.float64(0.83), np.float64(0.83), np.float64(0.83), np.float64(0.83), np.float64(0.83), np.float64(0.83), np.float64(0.83), np.float64(0.83), np.float64(0.83), np.float64(0.83), np.float64(0.83), np.float64(0.83), np.float64(0.83)], params=[np.float64(8.45), np.float64(0.11), np.float64(0.19), np.float64(0.17)], fit_error=[np.float64(0.043), np.float64(0.2), np.float64(0.289), np.float64(0.0), np.float64(0.183), np.float64(0.0), np.float64(nan), np.float64(0.333), np.float64(0.06)])",[-70.  -8.  -4.  -2.   0.   2.   4.   8.  70.],"[np.float64(0.077), np.float64(0.2), np.float64(0.5), np.float64(0.0), np.float64(0.375), np.float64(1.0), np.float64(1.0), np.float64(0.667), np.float64(0.641)]","[np.float64(0.19), np.float64(0.19), np.float64(0.19), np.float64(0.19), np.float64(0.19), np.float64(0.19), np.float64(0.19), np.float64(0.19), np.float64(0.19), np.float64(0.19), np.float64(0.19), np.float64(0.19), np.float64(0.19), np.float64(0.19), np.float64(0.19), np.float64(0.19), np.float64(0.19), np.float64(0.19), np.float64(0.19), np.float64(0.19), np.float64(0.19), np.float64(0.19), np.float64(0.19), np.float64(0.19), np.float64(0.19), np.float64(0.19), np.float64(0.19), np.float64(0.19), np.float64(0.19), np.float64(0.19), np.float64(0.19), np.float64(0.19), np.float64(0.19), np.float64(0.19), np.float64(0.19), np.float64(0.19), np.float64(0.19), np.float64(0.19), np.float64(0.19), np.float64(0.19), np.float64(0.19), np.float64(0.19), np.float64(0.19), np.float64(0.19), np.float64(0.19), np.float64(0.19), np.float64(0.19), np.float64(0.19), np.float64(0.19), np.float64(0.191), np.float64(0.826), np.float64(0.83), np.float64(0.83), np.float64(0.83), np.float64(0.83), np.float64(0.83), np.float64(0.83), np.float64(0.83), np.float64(0.83), np.float64(0.83), np.float64(0.83), np.float64(0.83), np.float64(0.83), np.float64(0.83), np.float64(0.83), np.float64(0.83), np.float64(0.83), np.float64(0.83), np.float64(0.83), np.float64(0.83), np.float64(0.83), np.float64(0.83), np.float64(0.83), np.float64(0.83), np.float64(0.83), np.float64(0.83), np.float64(0.83), np.float64(0.83), np.float64(0.83), np.float64(0.83), np.float64(0.83), np.float64(0.83), np.float64(0.83), np.float64(0.83), np.float64(0.83), np.float64(0.83), np.float64(0.83), np.float64(0.83), np.float64(0.83), np.float64(0.83), np.float64(0.83), np.float64(0.83), np.float64(0.83), np.float64(0.83), np.float64(0.83), np.float64(0.83), np.float64(0.83), np.float64(0.83), np.float64(0.83), np.float64(0.83)]","[np.float64(0.043), np.float64(0.2), np.float64(0.289), np.float64(0.0), np.float64(0.183), np.float64(0.0), np.float64(nan), np.float64(0.333), np.float64(0.06)]","[np.float64(8.45), np.float64(0.11), np.float64(0.19), np.float64(0.17)]",8.45,0.11,0.19,0.17,"psych_curve(xdata=array([-70.,  -8.,  -4.,  -2.,   0.,   2.,   4.,   8.,  70.]), ydata=[np.float64(0.511), np.float64(0.4), np.float64(1.0), np.float64(0.0), np.float64(0.857), np.float64(1.0), np.float64(1.0), np.float64(1.0), np.float64(0.944)], fit=[np.float64(nan), np.float64(nan), np.float64(nan), np.float64(nan), np.float64(nan), np.float64(nan), np.float64(nan), np.float64(nan), np.float64(nan), np.float64(nan), np.float64(nan), np.float64(nan), np.float64(nan), np.float64(nan), np.float64(nan), np.float64(nan), np.float64(nan), np.float64(nan), np.float64(nan), np.float64(nan), np.float64(nan), np.float64(nan), np.float64(nan), np.float64(nan), np.float64(nan), np.float64(nan), np.float64(nan), np.float64(nan), np.float64(nan), np.float64(nan), np.float64(nan), np.float64(nan), np.float64(nan), np.float64(nan), np.float64(nan), np.float64(nan), np.float64(nan), np.float64(nan), np.float64(nan), np.float64(nan), np.float64(nan), np.float64(nan), np.float64(nan), np.float64(nan), np.float64(nan), np.float64(nan), np.float64(nan), np.float64(nan), np.float64(nan), np.float64(nan), np.float64(nan), np.float64(nan), np.float64(nan), np.float64(nan), np.float64(nan), np.float64(nan), np.float64(nan), np.float64(nan), np.float64(nan), np.float64(nan), np.float64(nan), np.float64(nan), np.float64(nan), np.float64(nan), np.float64(nan), np.float64(nan), np.float64(nan), np.float64(nan), np.float64(nan), np.float64(nan), np.float64(nan), np.float64(nan), np.float64(nan), np.float64(nan), np.float64(nan), np.float64(nan), np.float64(nan), np.float64(nan), np.float64(nan), np.float64(nan), np.float64(nan), np.float64(nan), np.float64(nan), np.float64(nan), np.float64(nan), np.float64(nan), np.float64(nan), np.float64(nan), np.float64(nan), np.float64(nan), np.float64(nan), np.float64(nan), np.float64(nan), np.float64(nan), np.float64(nan), np.float64(nan), np.float64(nan), np.float64(nan), np.float64(nan), np.float64(nan)], params=[np.float64(8.53), np.float64(-0.13), np.float64(0.48), np.float64(0.01)], fit_error=[np.float64(0.075), np.float64(0.245), np.float64(nan), np.float64(0.0), np.float64(0.143), np.float64(0.0), np.float64(0.0), np.float64(0.0), np.float64(0.031)])",[-70.  -8.  -4.  -2.   0.   2.   4.   8.  70.],"[np.float64(0.077), np.float64(0.2), np.float64(0.5), np.float64(0.0), np.float64(0.375), np.float64(1.0), np.float64(1.0), np.float64(0.667), np.float64(0.641)]","[np.float64(0.19), np.float64(0.19), np.float64(0.19), np.float64(0.19), np.float64(0.19), np.float64(0.19), np.float64(0.19), np.float64(0.19), np.float64(0.19), np.float64(0.19), np.float64(0.19), np.float64(0.19), np.float64(0.19), np.float64(0.19), np.float64(0.19), np.float64(0.19), np.float64(0.19), np.float64(0.19), np.float64(0.19), np.float64(0.19), np.float64(0.19), np.float64(0.19), np.float64(0.19), np.float64(0.19), np.float64(0.19), np.float64(0.19), np.float64(0.19), np.float64(0.19), np.float64(0.19), np.float64(0.19), np.float64(0.19), np.float64(0.19), np.float64(0.19), np.float64(0.19), np.float64(0.19), np.float64(0.19), np.float64(0.19), np.float64(0.19), np.float64(0.19), np.float64(0.19), np.float64(0.19), np.float64(0.19), np.float64(0.19), np.float64(0.19), np.float64(0.19), np.float64(0.19), np.float64(0.19), np.float64(0.19), np.float64(0.19), np.float64(0.191), np.float64(0.826), np.float64(0.83), np.float64(0.83), np.float64(0.83), np.float64(0.83), np.float64(0.83), np.float64(0.83), np.float64(0.83), np.float64(0.83), np.float64(0.83), np.float64(0.83), np.float64(0.83), np.float64(0.83), np.float64(0.83), np.float64(0.83), np.float64(0.83), np.float64(0.83), np.float64(0.83), np.float64(0.83), np.float64(0.83), np.float64(0.83), np.float64(0.83), np.float64(0.83), np.float64(0.83), np.float64(0.83), np.float64(0.83), np.float64(0.83), np.float64(0.83), np.float64(0.83), np.float64(0.83), np.float64(0.83), np.float64(0.83), np.float64(0.83), np.float64(0.83), np.float64(0.83), np.float64(0.83), np.float64(0.83), np.float64(0.83), np.float64(0.83), np.float64(0.83), np.float64(0.83), np.float64(0.83), np.float64(0.83), np.float64(0.83), np.float64(0.83), np.float64(0.83), np.float64(0.83), np.float64(0.83), np.float64(0.83), np.float64(0.83)]","[np.float64(0.043), np.float64(0.2), np.float64(0.289), np.float64(0.0), np.float64(0.183), np.float64(0.0), np.float64(nan), np.float64(0.333), np.float64(0.06)]","[np.float64(8.53), np.float64(-0.13), np.float64(0.48), np.float64(0.01)]",8.53,-0.13,0.48,0.01,
2022-03-07,0,166,327,Bpod5,541,270,271,274,258,469,239,230,266,200,63,28,35,0.866913123844732,0.8851851851851852,0.8487084870848709,532,267,265,307,160,147,0.583941605839416,0.5697674418604651,222,111,111,0.4051094890510949,0.43023255813953487,0.881578947368421,0.8951310861423221,0.8679245283018868,0.9183673469387755,-0.02720655784043524,0.8664495114006515,0.9009009009009009,-0.034451389500249396,0.5768545238499405,0.4176710235953149,9,3,6,0.0166358595194085,0.011111111111111112,0.02214022140221402,469,239,230,1172.5,597.5,575.0,4.0,0,0,0,0.25,,"psych_curve(xdata=array([-70.,  -8.,  -4.,  -2.,   0.,   2.,   4.,   8.,  70.]), ydata=[np.float64(0.045), np.float64(0.0), np.float64(0.125), np.float64(0.583), np.float64(0.929), np.float64(0.875), np.float64(0.818), np.float64(0.692), np.float64(0.882)], fit=[np.float64(0.03), np.float64(0.03), np.float64(0.03), np.float64(0.03), np.float64(0.03), np.float64(0.03), np.float64(0.03), np.float64(0.03), np.float64(0.03), np.float64(0.03), np.float64(0.03), np.float64(0.03), np.float64(0.03), np.float64(0.03), np.float64(0.03), np.float64(0.03), np.float64(0.03), np.float64(0.03), np.float64(0.03), np.float64(0.03), np.float64(0.03), np.float64(0.03), np.float64(0.03), np.float64(0.03), np.float64(0.03), np.float64(0.03), np.float64(0.03), np.float64(0.03), np.float64(0.03), np.float64(0.03), np.float64(0.03), np.float64(0.03), np.float64(0.03), np.float64(0.03), np.float64(0.03), np.float64(0.03), np.float64(0.03), np.float64(0.03), np.float64(0.03), np.float64(0.03), np.float64(0.03), np.float64(0.03), np.float64(0.03), np.float64(0.03), np.float64(0.03), np.float64(0.032), np.float64(0.047), np.float64(0.168), np.float64(0.565), np.float64(0.798), np.float64(0.835), np.float64(0.84), np.float64(0.84), np.float64(0.84), np.float64(0.84), np.float64(0.84), np.float64(0.84), np.float64(0.84), np.float64(0.84), np.float64(0.84), np.float64(0.84), np.float64(0.84), np.float64(0.84), np.float64(0.84), np.float64(0.84), np.float64(0.84), np.float64(0.84), np.float64(0.84), np.float64(0.84), np.float64(0.84), np.float64(0.84), np.float64(0.84), np.float64(0.84), np.float64(0.84), np.float64(0.84), np.float64(0.84), np.float64(0.84), np.float64(0.84), np.float64(0.84), np.float64(0.84), np.float64(0.84), np.float64(0.84), np.float64(0.84), np.float64(0.84), np.float64(0.84), np.float64(0.84), np.float64(0.84), np.float64(0.84), np.float64(0.84), np.float64(0.84), np.float64(0.84), np.float64(0.84), np.float64(0.84), np.float64(0.84), np.float64(0.84), np.float64(0.84), np.float64(0.84), np.float64(0.84), np.float64(0.84), np.float64(0.84)], params=[np.float64(1.59), np.float64(-2.54), np.float64(0.03), np.float64(0.16)], fit_error=[np.float64(0.014), np.float64(0.0), np.float64(0.125), np.float64(0.149), np.float64(0.071), np.float64(0.085), np.float64(0.122), np.float64(0.133), np.float64(0.022)])",[-70.  -8.  -4.  -2.   0.   2.   4.   8.  70.],"[np.float64(0.045), np.float64(0.0), np.float64(0.125), np.float64(0.583), np.float64(0.929), np.float64(0.875), np.float64(0.818), np.float64(0.692), np.float64(0.882)]","[np.float64(0.03), np.float64(0.03), np.float64(0.03), np.float64(0.03), np.float64(0.03), np.float64(0.03), np.float64(0.03), np.float64(0.03), np.float64(0.03), np.float64(0.03), np.float64(0.03), np.float64(0.03), np.float64(0.03), np.float64(0.03), np.float64(0.03), np.float64(0.03), np.float64(0.03), np.float64(0.03), np.float64(0.03), np.float64(0.03), np.float64(0.03), np.float64(0.03), np.float64(0.03), np.float64(0.03), np.float64(0.03), np.float64(0.03), np.float64(0.03), np.float64(0.03), np.float64(0.03), np.float64(0.03), np.float64(0.03), np.float64(0.03), np.float64(0.03), np.float64(0.03), np.float64(0.03), np.float64(0.03), np.float64(0.03), np.float64(0.03), np.float64(0.03), np.float64(0.03), np.float64(0.03), np.float64(0.03), np.float64(0.03), np.float64(0.03), np.float64(0.03), np.float64(0.032), np.float64(0.047), np.float64(0.168), np.float64(0.565), np.float64(0.798), np.float64(0.835), np.float64(0.84), np.float64(0.84), np.float64(0.84), np.float64(0.84), np.float64(0.84), np.float64(0.84), np.float64(0.84), np.float64(0.84), np.float64(0.84), np.float64(0.84), np.float64(0.84), np.float64(0.84), np.float64(0.84), np.float64(0.84), np.float64(0.84), np.float64(0.84), np.float64(0.84), np.float64(0.84), np.float64(0.84), np.float64(0.84), np.float64(0.84), np.float64(0.84), np.float64(0.84), np.float64(0.84), np.float64(0.84), np.float64(0.84), np.float64(0.84), np.float64(0.84), np.float64(0.84), np.float64(0.84), np.float64(0.84), np.float64(0.84), np.float64(0.84), np.float64(0.84), np.float64(0.84), np.float64(0.84), np.float64(0.84), np.float64(0.84), np.float64(0.84), np.float64(0.84), np.float64(0.84), np.float64(0.84), np.float64(0.84), np.float64(0.84), np.float64(0.84), np.float64(0.84), np.float64(0.84), np.float64(0.84), np.float64(0.84)]","[np.float64(0.014), np.float64(0.0), np.float64(0.125), np.float64(0.149), np.float64(0.071), np.float64(0.085), np.float64(0.122), np.float64(0.133), np.float64(0.022)]","[np.float64(1.59), np.float64(-2.54), np.float64(0.03), np.float64(0.16)]",1.59,-2.54,0.03,0.16,"psych_curve(xdata=array([-70.,  -8.,  -4.,  -2.,  -0.,   2.,   4.,   8.,  70.]), ydata=[np.float64(0.13), np.float64(0.231), np.float64(0.125), np.float64(0.417), np.float64(0.5), np.float64(0.75), np.float64(0.818), np.float64(0.941), np.float64(0.958)], fit=[np.float64(nan), np.float64(nan), np.float64(nan), np.float64(nan), np.float64(nan), np.float64(nan), np.float64(nan), np.float64(nan), np.float64(nan), np.float64(nan), np.float64(nan), np.float64(nan), np.float64(nan), np.float64(nan), np.float64(nan), np.float64(nan), np.float64(nan), np.float64(nan), np.float64(nan), np.float64(nan), np.float64(nan), np.float64(nan), np.float64(nan), np.float64(nan), np.float64(nan), np.float64(nan), np.float64(nan), np.float64(nan), np.float64(nan), np.float64(nan), np.float64(nan), np.float64(nan), np.float64(nan), np.float64(nan), np.float64(nan), np.float64(nan), np.float64(nan), np.float64(nan), np.float64(nan), np.float64(nan), np.float64(nan), np.float64(nan), np.float64(nan), np.float64(nan), np.float64(nan), np.float64(nan), np.float64(nan), np.float64(nan), np.float64(nan), np.float64(nan), np.float64(nan), np.float64(nan), np.float64(nan), np.float64(nan), np.float64(nan), np.float64(nan), np.float64(nan), np.float64(nan), np.float64(nan), np.float64(nan), np.float64(nan), np.float64(nan), np.float64(nan), np.float64(nan), np.float64(nan), np.float64(nan), np.float64(nan), np.float64(nan), np.float64(nan), np.float64(nan), np.float64(nan), np.float64(nan), np.float64(nan), np.float64(nan), np.float64(nan), np.float64(nan), np.float64(nan), np.float64(nan), np.float64(nan), np.float64(nan), np.float64(nan), np.float64(nan), np.float64(nan), np.float64(nan), np.float64(nan), np.float64(nan), np.float64(nan), np.float64(nan), np.float64(nan), np.float64(nan), np.float64(nan), np.float64(nan), np.float64(nan), np.float64(nan), np.float64(nan), np.float64(nan), np.float64(nan), np.float64(nan), np.float64(nan), np.float64(nan)], params=[np.float64(0.52), np.float64(0.2), np.float64(0.15), np.float64(0.05)], fit_error=[np.float64(0.024), np.float64(0.122), np.float64(0.125), np.float64(0.149), np.float64(0.139), np.float64(0.112), np.float64(0.122), np.float64(0.059), np.float64(0.013)])",[-70.  -8.  -4.  -2.   0.   2.   4.   8.  70.],"[np.float64(0.045), np.float64(0.0), np.float64(0.125), np.float64(0.583), np.float64(0.929), np.float64(0.875), np.float64(0.818), np.float64(0.692), np.float64(0.882)]","[np.float64(0.03), np.float64(0.03), np.float64(0.03), np.float64(0.03), np.float64(0.03), np.float64(0.03), np.float64(0.03), np.float64(0.03), np.float64(0.03), np.float64(0.03), np.float64(0.03), np.float64(0.03), np.float64(0.03), np.float64(0.03), np.float64(0.03), np.float64(0.03), np.float64(0.03), np.float64(0.03), np.float64(0.03), np.float64(0.03), np.float64(0.03), np.float64(0.03), np.float64(0.03), np.float64(0.03), np.float64(0.03), np.float64(0.03), np.float64(0.03), np.float64(0.03), np.float64(0.03), np.float64(0.03), np.float64(0.03), np.float64(0.03), np.float64(0.03), np.float64(0.03), np.float64(0.03), np.float64(0.03), np.float64(0.03), np.float64(0.03), np.float64(0.03), np.float64(0.03), np.float64(0.03), np.float64(0.03), np.float64(0.03), np.float64(0.03), np.float64(0.03), np.float64(0.032), np.float64(0.047), np.float64(0.168), np.float64(0.565), np.float64(0.798), np.float64(0.835), np.float64(0.84), np.float64(0.84), np.float64(0.84), np.float64(0.84), np.float64(0.84), np.float64(0.84), np.float64(0.84), np.float64(0.84), np.float64(0.84), np.float64(0.84), np.float64(0.84), np.float64(0.84), np.float64(0.84), np.float64(0.84), np.float64(0.84), np.float64(0.84), np.float64(0.84), np.float64(0.84), np.float64(0.84), np.float64(0.84), np.float64(0.84), np.float64(0.84), np.float64(0.84), np.float64(0.84), np.float64(0.84), np.float64(0.84), np.float64(0.84), np.float64(0.84), np.float64(0.84), np.float64(0.84), np.float64(0.84), np.float64(0.84), np.float64(0.84), np.float64(0.84), np.float64(0.84), np.float64(0.84), np.float64(0.84), np.float64(0.84), np.float64(0.84), np.float64(0.84), np.float64(0.84), np.float64(0.84), np.float64(0.84), np.float64(0.84), np.float64(0.84), np.float64(0.84), np.float64(0.84), np.float64(0.84), np.float64(0.84)]","[np.float64(0.014), np.float64(0.0), np.float64(0.125), np.float64(0.149), np.float64(0.071), np.float64(0.085), np.float64(0.122), np.float64(0.133), np.float64(0.022)]","[np.float64(0.52), np.float64(0.2), np.float64(0.15), np.float64(0.05)]",0.52,0.2,0.15,0.05,
2022-03-08,1,167,327,Bpod5,281,138,143,112,169,245,107,138,127,117,36,31,5,0.8718861209964412,0.7753623188405797,0.965034965034965,281,138,143,148,46,102,0.4107142857142857,0.6035502958579881,132,66,66,0.5892857142857143,0.3905325443786982,0.8718861209964412,0.7753623188405797,0.965034965034965,0.9732142857142857,0.18967264619438529,0.8581081081081081,0.8863636363636364,-0.02825552825552824,0.5071322907861369,0.48990912933220626,0,0,0,0.0,0.0,0.0,245,107,138,612.5,267.5,345.0,4.0,0,0,0,0.25,,"psych_curve(xdata=array([-70.,  -8.,  -4.,  -2.,   0.,   2.,   4.,   8.,  70.]), ydata=[np.float64(0.028), np.float64(0.778), np.float64(0.9), np.float64(1.0), np.float64(1.0), np.float64(0.857), np.float64(1.0), np.float64(0.833), np.float64(0.974)], fit=[np.float64(-1.075), np.float64(-1.075), np.float64(-1.075), np.float64(-1.075), np.float64(-1.075), np.float64(-1.075), np.float64(-1.075), np.float64(-1.075), np.float64(-1.075), np.float64(-1.075), np.float64(-1.075), np.float64(-1.075), np.float64(-1.075), np.float64(-1.075), np.float64(-1.075), np.float64(-1.075), np.float64(-1.075), np.float64(-1.075), np.float64(-1.075), np.float64(-1.075), np.float64(-1.075), np.float64(-1.075), np.float64(-1.075), np.float64(-1.075), np.float64(-1.075), np.float64(-1.075), np.float64(-1.075), np.float64(-1.075), np.float64(-1.075), np.float64(-1.075), np.float64(-1.075), np.float64(-1.075), np.float64(-1.075), np.float64(-1.075), np.float64(-1.075), np.float64(-1.075), np.float64(-1.075), np.float64(-1.075), np.float64(-1.075), np.float64(-1.075), np.float64(-1.075), np.float64(-1.075), np.float64(-1.075), np.float64(-1.075), np.float64(-1.075), np.float64(-1.075), np.float64(-1.075), np.float64(-1.075), np.float64(-1.075), np.float64(-1.075), np.float64(-1.075), np.float64(-1.075), np.float64(-1.075), np.float64(-1.075), np.float64(-1.075), np.float64(-1.075), np.float64(-1.075), np.float64(-1.075), np.float64(-1.075), np.float64(-1.075), np.float64(-1.075), np.float64(-1.075), np.float64(-1.075), np.float64(-1.075), np.float64(-1.075), np.float64(-1.075), np.float64(-1.075), np.float64(-1.075), np.float64(-1.075), np.float64(-1.075), np.float64(-1.075), np.float64(-1.075), np.float64(-1.075), np.float64(-1.075), np.float64(-1.075), np.float64(-1.075), np.float64(-1.075), np.float64(-1.075), np.float64(-1.075), np.float64(-1.075), np.float64(-1.075), np.float64(-1.075), np.float64(-1.075), np.float64(-1.075), np.float64(-1.075), np.float64(-1.075), np.float64(-1.075), np.float64(-1.075), np.float64(-1.075), np.float64(-1.075), np.float64(-1.075), np.float64(-1.075), np.float64(-1.075), np.float64(-1.075), np.float64(-1.075), np.float64(-1.075), np.float64(-1.075), np.float64(-1.075), np.float64(-1.075), np.float64(-1.075)], params=[np.float64(0.0), np.float64(-280.73), np.float64(-20.56), np.float64(-17.41)], fit_error=[np.float64(0.016), np.float64(0.147), np.float64(0.1), np.float64(0.0), np.float64(0.0), np.float64(0.143), np.float64(0.0), np.float64(0.167), np.float64(0.015)])",[-70.  -8.  -4.  -2.   0.   2.   4.   8.  70.],"[np.float64(0.028), np.float64(0.778), np.float64(0.9), np.float64(1.0), np.float64(1.0), np.float64(0.857), np.float64(1.0), np.float64(0.833), np.float64(0.974)]","[np.float64(-1.075), np.float64(-1.075), np.float64(-1.075), np.float64(-1.075), np.float64(-1.075), np.float64(-1.075), np.float64(-1.075), np.float64(-1.075), np.float64(-1.075), np.float64(-1.075), np.float64(-1.075), np.float64(-1.075), np.float64(-1.075), np.float64(-1.075), np.float64(-1.075), np.float64(-1.075), np.float64(-1.075), np.float64(-1.075), np.float64(-1.075), np.float64(-1.075), np.float64(-1.075), np.float64(-1.075), np.float64(-1.075), np.float64(-1.075), np.float64(-1.075), np.float64(-1.075), np.float64(-1.075), np.float64(-1.075), np.float64(-1.075), np.float64(-1.075), np.float64(-1.075), np.float64(-1.075), np.float64(-1.075), np.float64(-1.075), np.float64(-1.075), np.float64(-1.075), np.float64(-1.075), np.float64(-1.075), np.float64(-1.075), np.float64(-1.075), np.float64(-1.075), np.float64(-1.075), np.float64(-1.075), np.float64(-1.075), np.float64(-1.075), np.float64(-1.075), np.float64(-1.075), np.float64(-1.075), np.float64(-1.075), np.float64(-1.075), np.float64(-1.075), np.float64(-1.075), np.float64(-1.075), np.float64(-1.075), np.float64(-1.075), np.float64(-1.075), np.float64(-1.075), np.float64(-1.075), np.float64(-1.075), np.float64(-1.075), np.float64(-1.075), np.float64(-1.075), np.float64(-1.075), np.float64(-1.075), np.float64(-1.075), np.float64(-1.075), np.float64(-1.075), np.float64(-1.075), np.float64(-1.075), np.float64(-1.075), np.float64(-1.075), np.float64(-1.075), np.float64(-1.075), np.float64(-1.075), np.float64(-1.075), np.float64(-1.075), np.float64(-1.075), np.float64(-1.075), np.float64(-1.075), np.float64(-1.075), np.float64(-1.075), np.float64(-1.075), np.float64(-1.075), np.float64(-1.075), np.float64(-1.075), np.float64(-1.075), np.float64(-1.075), np.float64(-1.075), np.float64(-1.075), np.float64(-1.075), np.float64(-1.075), np.float64(-1.075), np.float64(-1.075), np.float64(-1.075), np.float64(-1.075), np.float64(-1.075), np.float64(-1.075), np.float64(-1.075), np.float64(-1.075), np.float64(-1.075)]","[np.float64(0.016), np.float64(0.147), np.float64(0.1), np.float64(0.0), np.float64(0.0), np.float64(0.143), np.float64(0.0), np.float64(0.167), np.float64(0.015)]","[np.float64(0.0), np.float64(-280.73), np.float64(-20.56), np.float64(-17.41)]",0.0,-280.73,-20.56,-17.41,"psych_curve(xdata=array([-70.,  -8.,  -4.,  -2.,   0.,   2.,   4.,   8.,  70.]), ydata=[np.float64(0.053), np.float64(0.556), np.float64(0.5), np.float64(0.714), np.float64(0.625), np.float64(0.571), np.float64(0.562), np.float64(0.5), np.float64(1.0)], fit=[np.float64(nan), np.float64(nan), np.float64(nan), np.float64(nan), np.float64(nan), np.float64(nan), np.float64(nan), np.float64(nan), np.float64(nan), np.float64(nan), np.float64(nan), np.float64(nan), np.float64(nan), np.float64(nan), np.float64(nan), np.float64(nan), np.float64(nan), np.float64(nan), np.float64(nan), np.float64(nan), np.float64(nan), np.float64(nan), np.float64(nan), np.float64(nan), np.float64(nan), np.float64(nan), np.float64(nan), np.float64(nan), np.float64(nan), np.float64(nan), np.float64(nan), np.float64(nan), np.float64(nan), np.float64(nan), np.float64(nan), np.float64(nan), np.float64(nan), np.float64(nan), np.float64(nan), np.float64(nan), np.float64(nan), np.float64(nan), np.float64(nan), np.float64(nan), np.float64(nan), np.float64(nan), np.float64(nan), np.float64(nan), np.float64(nan), np.float64(nan), np.float64(nan), np.float64(nan), np.float64(nan), np.float64(nan), np.float64(nan), np.float64(nan), np.float64(nan), np.float64(nan), np.float64(nan), np.float64(nan), np.float64(nan), np.float64(nan), np.float64(nan), np.float64(nan), np.float64(nan), np.float64(nan), np.float64(nan), np.float64(nan), np.float64(nan), np.float64(nan), np.float64(nan), np.float64(nan), np.float64(nan), np.float64(nan), np.float64(nan), np.float64(nan), np.float64(nan), np.float64(nan), np.float64(nan), np.float64(nan), np.float64(nan), np.float64(nan), np.float64(nan), np.float64(nan), np.float64(nan), np.float64(nan), np.float64(nan), np.float64(nan), np.float64(nan), np.float64(nan), np.float64(nan), np.float64(nan), np.float64(nan), np.float64(nan), np.float64(nan), np.float64(nan), np.float64(nan), np.float64(nan), np.float64(nan), np.float64(nan)], params=[np.float64(0.0), np.float64(-1.48), np.float64(-21.75), np.float64(-21.86)], fit_error=[np.float64(0.021), np.float64(0.176), np.float64(0.289), np.float64(0.184), np.float64(0.183), np.float64(0.202), np.float64(0.128), np.float64(0.224), np.float64(0.0)])",[-70.  -8.  -4.  -2.   0.   2.   4.   8.  70.],"[np.float64(0.028), np.float64(0.778), np.float64(0.9), np.float64(1.0), np.float64(1.0), np.float64(0.857), np.float64(1.0), np.float64(0.833), np.float64(0.974)]","[np.float64(-1.075), np.float64(-1.075), np.float64(-1.075), np.float64(-1.075), np.float64(-1.075), np.float64(-1.075), np.float64(-1.075), np.float64(-1.075), np.float64(-1.075), np.float64(-1.075), np.float64(-1.075), np.float64(-1.075), np.float64(-1.075), np.float64(-1.075), np.float64(-1.075), np.float64(-1.075), np.float64(-1.075), np.float64(-1.075), np.float64(-1.075), np.float64(-1.075), np.float64(-1.075), np.float64(-1.075), np.float64(-1.075), np.float64(-1.075), np.float64(-1.075), np.float64(-1.075), np.float64(-1.075), np.float64(-1.075), np.float64(-1.075), np.float64(-1.075), np.float64(-1.075), np.float64(-1.075), np.float64(-1.075), np.float64(-1.075), np.float64(-1.075), np.float64(-1.075), np.float64(-1.075), np.float64(-1.075), np.float64(-1.075), np.float64(-1.075), np.float64(-1.075), np.float64(-1.075), np.float64(-1.075), np.float64(-1.075), np.float64(-1.075), np.float64(-1.075), np.float64(-1.075), np.float64(-1.075), np.float64(-1.075), np.float64(-1.075), np.float64(-1.075), np.float64(-1.075), np.float64(-1.075), np.float64(-1.075), np.float64(-1.075), np.float64(-1.075), np.float64(-1.075), np.float64(-1.075), np.float64(-1.075), np.float64(-1.075), np.float64(-1.075), np.float64(-1.075), np.float64(-1.075), np.float64(-1.075), np.float64(-1.075), np.float64(-1.075), np.float64(-1.075), np.float64(-1.075), np.float64(-1.075), np.float64(-1.075), np.float64(-1.075), np.float64(-1.075), np.float64(-1.075), np.float64(-1.075), np.float64(-1.075), np.float64(-1.075), np.float64(-1.075), np.float64(-1.075), np.float64(-1.075), np.float64(-1.075), np.float64(-1.075), np.float64(-1.075), np.float64(-1.075), np.float64(-1.075), np.float64(-1.075), np.float64(-1.075), np.float64(-1.075), np.float64(-1.075), np.float64(-1.075), np.float64(-1.075), np.float64(-1.075), np.float64(-1.075), np.float64(-1.075), np.float64(-1.075), np.float64(-1.075), np.float64(-1.075), np.float64(-1.075), np.float64(-1.075), np.float64(-1.075), np.float64(-1.075)]","[np.float64(0.016), np.float64(0.147), np.float64(0.1), np.float64(0.0), np.float64(0.0), np.float64(0.143), np.float64(0.0), np.float64(0.167), np.float64(0.015)]","[np.float64(0.0), np.float64(-1.48), np.float64(-21.75), np.float64(-21.86)]",0.0,-1.48,-21.75,-21.86,
2022-03-09,2,168,327,Bpod5,504,256,248,234,260,450,220,230,221,228,44,30,14,0.8928571428571429,0.859375,0.9274193548387096,494,250,244,250,111,139,0.47435897435897434,0.5346153846153846,242,121,121,0.5170940170940171,0.4653846153846154,0.9109311740890689,0.88,0.9426229508196722,0.9580246913580247,0.06262295081967217,0.884,0.9421487603305785,-0.058148760330578475,0.5044871794871795,0.49123931623931627,10,6,4,0.01984126984126984,0.0234375,0.016129032258064516,450,220,230,1125.0,550.0,575.0,4.0,0,0,0,0.25,,"psych_curve(xdata=array([-70.,  -8.,  -4.,  -2.,   0.,   2.,   4.,   8.,  70.]), ydata=[np.float64(0.029), np.float64(0.077), np.float64(0.75), np.float64(0.769), np.float64(0.737), np.float64(1.0), np.float64(0.8), np.float64(0.938), np.float64(0.945)], fit=[np.float64(0.01), np.float64(0.01), np.float64(0.01), np.float64(0.01), np.float64(0.01), np.float64(0.01), np.float64(0.01), np.float64(0.01), np.float64(0.01), np.float64(0.01), np.float64(0.01), np.float64(0.01), np.float64(0.01), np.float64(0.01), np.float64(0.01), np.float64(0.01), np.float64(0.01), np.float64(0.01), np.float64(0.01), np.float64(0.01), np.float64(0.01), np.float64(0.01), np.float64(0.01), np.float64(0.01), np.float64(0.01), np.float64(0.01), np.float64(0.01), np.float64(0.01), np.float64(0.01), np.float64(0.01), np.float64(0.01), np.float64(0.01), np.float64(0.01), np.float64(0.01), np.float64(0.01), np.float64(0.01), np.float64(0.01), np.float64(0.01), np.float64(0.01), np.float64(0.01), np.float64(0.011), np.float64(0.012), np.float64(0.019), np.float64(0.041), np.float64(0.114), np.float64(0.3), np.float64(0.573), np.float64(0.768), np.float64(0.846), np.float64(0.871), np.float64(0.877), np.float64(0.879), np.float64(0.88), np.float64(0.88), np.float64(0.88), np.float64(0.88), np.float64(0.88), np.float64(0.88), np.float64(0.88), np.float64(0.88), np.float64(0.88), np.float64(0.88), np.float64(0.88), np.float64(0.88), np.float64(0.88), np.float64(0.88), np.float64(0.88), np.float64(0.88), np.float64(0.88), np.float64(0.88), np.float64(0.88), np.float64(0.88), np.float64(0.88), np.float64(0.88), np.float64(0.88), np.float64(0.88), np.float64(0.88), np.float64(0.88), np.float64(0.88), np.float64(0.88), np.float64(0.88), np.float64(0.88), np.float64(0.88), np.float64(0.88), np.float64(0.88), np.float64(0.88), np.float64(0.88), np.float64(0.88), np.float64(0.88), np.float64(0.88), np.float64(0.88), np.float64(0.88), np.float64(0.88), np.float64(0.88), np.float64(0.88), np.float64(0.88), np.float64(0.88), np.float64(0.88), np.float64(0.88), np.float64(0.88)], params=[np.float64(0.92), np.float64(-5.61), np.float64(0.01), np.float64(0.12)], fit_error=[np.float64(0.012), np.float64(0.077), np.float64(0.164), np.float64(0.122), np.float64(0.104), np.float64(0.0), np.float64(0.133), np.float64(0.062), np.float64(0.016)])",[-70.  -8.  -4.  -2.   0.   2.   4.   8.  70.],"[np.float64(0.029), np.float64(0.077), np.float64(0.75), np.float64(0.769), np.float64(0.737), np.float64(1.0), np.float64(0.8), np.float64(0.938), np.float64(0.945)]","[np.float64(0.01), np.float64(0.01), np.float64(0.01), np.float64(0.01), np.float64(0.01), np.float64(0.01), np.float64(0.01), np.float64(0.01), np.float64(0.01), np.float64(0.01), np.float64(0.01), np.float64(0.01), np.float64(0.01), np.float64(0.01), np.float64(0.01), np.float64(0.01), np.float64(0.01), np.float64(0.01), np.float64(0.01), np.float64(0.01), np.float64(0.01), np.float64(0.01), np.float64(0.01), np.float64(0.01), np.float64(0.01), np.float64(0.01), np.float64(0.01), np.float64(0.01), np.float64(0.01), np.float64(0.01), np.float64(0.01), np.float64(0.01), np.float64(0.01), np.float64(0.01), np.float64(0.01), np.float64(0.01), np.float64(0.01), np.float64(0.01), np.float64(0.01), np.float64(0.01), np.float64(0.011), np.float64(0.012), np.float64(0.019), np.float64(0.041), np.float64(0.114), np.float64(0.3), np.float64(0.573), np.float64(0.768), np.float64(0.846), np.float64(0.871), np.float64(0.877), np.float64(0.879), np.float64(0.88), np.float64(0.88), np.float64(0.88), np.float64(0.88), np.float64(0.88), np.float64(0.88), np.float64(0.88), np.float64(0.88), np.float64(0.88), np.float64(0.88), np.float64(0.88), np.float64(0.88), np.float64(0.88), np.float64(0.88), np.float64(0.88), np.float64(0.88), np.float64(0.88), np.float64(0.88), np.float64(0.88), np.float64(0.88), np.float64(0.88), np.float64(0.88), np.float64(0.88), np.float64(0.88), np.float64(0.88), np.float64(0.88), np.float64(0.88), np.float64(0.88), np.float64(0.88), np.float64(0.88), np.float64(0.88), np.float64(0.88), np.float64(0.88), np.float64(0.88), np.float64(0.88), np.float64(0.88), np.float64(0.88), np.float64(0.88), np.float64(0.88), np.float64(0.88), np.float64(0.88), np.float64(0.88), np.float64(0.88), np.float64(0.88), np.float64(0.88), np.float64(0.88), np.float64(0.88), np.float64(0.88)]","[np.float64(0.012), np.float64(0.077), np.float64(0.164), np.float64(0.122), np.float64(0.104), np.float64(0.0), np.float64(0.133), np.float64(0.062), np.float64(0.016)]","[np.float64(0.92), np.float64(-5.61), np.float64(0.01), np.float64(0.12)]",0.92,-5.61,0.01,0.12,"psych_curve(xdata=array([-70.,  -8.,  -4.,  -2.,  -0.,   2.,   4.,   8.,  70.]), ydata=[np.float64(0.054), np.float64(0.087), np.float64(0.545), np.float64(0.545), np.float64(0.526), np.float64(0.667), np.float64(0.714), np.float64(1.0), np.float64(0.975)], fit=[np.float64(nan), np.float64(nan), np.float64(nan), np.float64(nan), np.float64(nan), np.float64(nan), np.float64(nan), np.float64(nan), np.float64(nan), np.float64(nan), np.float64(nan), np.float64(nan), np.float64(nan), np.float64(nan), np.float64(nan), np.float64(nan), np.float64(nan), np.float64(nan), np.float64(nan), np.float64(nan), np.float64(nan), np.float64(nan), np.float64(nan), np.float64(nan), np.float64(nan), np.float64(nan), np.float64(nan), np.float64(nan), np.float64(nan), np.float64(nan), np.float64(nan), np.float64(nan), np.float64(nan), np.float64(nan), np.float64(nan), np.float64(nan), np.float64(nan), np.float64(nan), np.float64(nan), np.float64(nan), np.float64(nan), np.float64(nan), np.float64(nan), np.float64(nan), np.float64(nan), np.float64(nan), np.float64(nan), np.float64(nan), np.float64(nan), np.float64(nan), np.float64(nan), np.float64(nan), np.float64(nan), np.float64(nan), np.float64(nan), np.float64(nan), np.float64(nan), np.float64(nan), np.float64(nan), np.float64(nan), np.float64(nan), np.float64(nan), np.float64(nan), np.float64(nan), np.float64(nan), np.float64(nan), np.float64(nan), np.float64(nan), np.float64(nan), np.float64(nan), np.float64(nan), np.float64(nan), np.float64(nan), np.float64(nan), np.float64(nan), np.float64(nan), np.float64(nan), np.float64(nan), np.float64(nan), np.float64(nan), np.float64(nan), np.float64(nan), np.float64(nan), np.float64(nan), np.float64(nan), np.float64(nan), np.float64(nan), np.float64(nan), np.float64(nan), np.float64(nan), np.float64(nan), np.float64(nan), np.float64(nan), np.float64(nan), np.float64(nan), np.float64(nan), np.float64(nan), np.float64(nan), np.float64(nan), np.float64(nan)], params=[np.float64(0.23), np.float64(-1.68), np.float64(0.03), np.float64(0.0)], fit_error=[np.float64(0.016), np.float64(0.06), np.float64(0.157), np.float64(0.157), np.float64(0.118), np.float64(0.142), np.float64(0.184), np.float64(0.0), np.float64(0.011)])",[-70.  -8.  -4.  -2.   0.   2.   4.   8.  70.],"[np.float64(0.029), np.float64(0.077), np.float64(0.75), np.float64(0.769), np.float64(0.737), np.float64(1.0), np.float64(0.8), np.float64(0.938), np.float64(0.945)]","[np.float64(0.01), np.float64(0.01), np.float64(0.01), np.float64(0.01), np.float64(0.01), np.float64(0.01), np.float64(0.01), np.float64(0.01), np.float64(0.01), np.float64(0.01), np.float64(0.01), np.float64(0.01), np.float64(0.01), np.float64(0.01), np.float64(0.01), np.float64(0.01), np.float64(0.01), np.float64(0.01), np.float64(0.01), np.float64(0.01), np.float64(0.01), np.float64(0.01), np.float64(0.01), np.float64(0.01), np.float64(0.01), np.float64(0.01), np.float64(0.01), np.float64(0.01), np.float64(0.01), np.float64(0.01), np.float64(0.01), np.float64(0.01), np.float64(0.01), np.float64(0.01), np.float64(0.01), np.float64(0.01), np.float64(0.01), np.float64(0.01), np.float64(0.01), np.float64(0.01), np.float64(0.011), np.float64(0.012), np.float64(0.019), np.float64(0.041), np.float64(0.114), np.float64(0.3), np.float64(0.573), np.float64(0.768), np.float64(0.846), np.float64(0.871), np.float64(0.877), np.float64(0.879), np.float64(0.88), np.float64(0.88), np.float64(0.88), np.float64(0.88), np.float64(0.88), np.float64(0.88), np.float64(0.88), np.float64(0.88), np.float64(0.88), np.float64(0.88), np.float64(0.88), np.float64(0.88), np.float64(0.88), np.float64(0.88), np.float64(0.88), np.float64(0.88), np.float64(0.88), np.float64(0.88), np.float64(0.88), np.float64(0.88), np.float64(0.88), np.float64(0.88), np.float64(0.88), np.float64(0.88), np.float64(0.88), np.float64(0.88), np.float64(0.88), np.float64(0.88), np.float64(0.88), np.float64(0.88), np.float64(0.88), np.float64(0.88), np.float64(0.88), np.float64(0.88), np.float64(0.88), np.float64(0.88), np.float64(0.88), np.float64(0.88), np.float64(0.88), np.float64(0.88), np.float64(0.88), np.float64(0.88), np.float64(0.88), np.float64(0.88), np.float64(0.88), np.float64(0.88), np.float64(0.88), np.float64(0.88)]","[np.float64(0.012), np.float64(0.077), np.float64(0.164), np.float64(0.122), np.float64(0.104), np.float64(0.0), np.float64(0.133), np.float64(0.062), np.float64(0.016)]","[np.float64(0.23), np.float64(-1.68), np.float64(0.03), np.float64(0.0)]",0.23,-1.68,0.03,0.0,
2022-03-10,3,169,327,Bpod5,580,268,312,247,321,492,216,276,246,242,76,45,31,0.8482758620689655,0.8059701492537313,0.8846153846153846,568,261,307,302,114,188,0.46153846153846156,0.5856697819314641,261,131,130,0.5303643724696356,0.40498442367601245,0.8661971830985915,0.8275862068965517,0.8990228013029316,0.9277899343544858,0.07143659440637984,0.8145695364238411,0.9272030651340997,-0.11263352871025856,0.5236041217349628,0.46767439807282407,12,7,5,0.020689655172413793,0.026119402985074626,0.016025641025641024,492,216,276,1230.0,540.0,690.0,4.0,0,0,0,0.25,,"psych_curve(xdata=array([-70.,  -8.,  -4.,  -2.,   0.,   2.,   4.,   8.,  70.]), ydata=[np.float64(0.035), np.float64(0.5), np.float64(0.5), np.float64(0.812), np.float64(0.875), np.float64(0.938), np.float64(0.895), np.float64(0.833), np.float64(0.898)], fit=[np.float64(0.04), np.float64(0.04), np.float64(0.04), np.float64(0.04), np.float64(0.04), np.float64(0.04), np.float64(0.04), np.float64(0.04), np.float64(0.04), np.float64(0.04), np.float64(0.04), np.float64(0.04), np.float64(0.04), np.float64(0.04), np.float64(0.04), np.float64(0.04), np.float64(0.04), np.float64(0.04), np.float64(0.04), np.float64(0.04), np.float64(0.04), np.float64(0.04), np.float64(0.04), np.float64(0.04), np.float64(0.04), np.float64(0.04), np.float64(0.041), np.float64(0.041), np.float64(0.041), np.float64(0.042), np.float64(0.043), np.float64(0.044), np.float64(0.047), np.float64(0.05), np.float64(0.054), np.float64(0.061), np.float64(0.071), np.float64(0.086), np.float64(0.106), np.float64(0.135), np.float64(0.174), np.float64(0.225), np.float64(0.289), np.float64(0.366), np.float64(0.45), np.float64(0.537), np.float64(0.619), np.float64(0.692), np.float64(0.752), np.float64(0.8), np.float64(0.835), np.float64(0.861), np.float64(0.879), np.float64(0.892), np.float64(0.901), np.float64(0.907), np.float64(0.911), np.float64(0.914), np.float64(0.916), np.float64(0.917), np.float64(0.918), np.float64(0.919), np.float64(0.919), np.float64(0.919), np.float64(0.92), np.float64(0.92), np.float64(0.92), np.float64(0.92), np.float64(0.92), np.float64(0.92), np.float64(0.92), np.float64(0.92), np.float64(0.92), np.float64(0.92), np.float64(0.92), np.float64(0.92), np.float64(0.92), np.float64(0.92), np.float64(0.92), np.float64(0.92), np.float64(0.92), np.float64(0.92), np.float64(0.92), np.float64(0.92), np.float64(0.92), np.float64(0.92), np.float64(0.92), np.float64(0.92), np.float64(0.92), np.float64(0.92), np.float64(0.92), np.float64(0.92), np.float64(0.92), np.float64(0.92), np.float64(0.92), np.float64(0.92), np.float64(0.92), np.float64(0.92), np.float64(0.92), np.float64(0.92)], params=[np.float64(0.28), np.float64(-7.29), np.float64(0.04), np.float64(0.08)], fit_error=[np.float64(0.013), np.float64(0.129), np.float64(0.129), np.float64(0.101), np.float64(0.085), np.float64(0.062), np.float64(0.072), np.float64(0.112), np.float64(0.019)])",[-70.  -8.  -4.  -2.   0.   2.   4.   8.  70.],"[np.float64(0.035), np.float64(0.5), np.float64(0.5), np.float64(0.812), np.float64(0.875), np.float64(0.938), np.float64(0.895), np.float64(0.833), np.float64(0.898)]","[np.float64(0.04), np.float64(0.04), np.float64(0.04), np.float64(0.04), np.float64(0.04), np.float64(0.04), np.float64(0.04), np.float64(0.04), np.float64(0.04), np.float64(0.04), np.float64(0.04), np.float64(0.04), np.float64(0.04), np.float64(0.04), np.float64(0.04), np.float64(0.04), np.float64(0.04), np.float64(0.04), np.float64(0.04), np.float64(0.04), np.float64(0.04), np.float64(0.04), np.float64(0.04), np.float64(0.04), np.float64(0.04), np.float64(0.04), np.float64(0.041), np.float64(0.041), np.float64(0.041), np.float64(0.042), np.float64(0.043), np.float64(0.044), np.float64(0.047), np.float64(0.05), np.float64(0.054), np.float64(0.061), np.float64(0.071), np.float64(0.086), np.float64(0.106), np.float64(0.135), np.float64(0.174), np.float64(0.225), np.float64(0.289), np.float64(0.366), np.float64(0.45), np.float64(0.537), np.float64(0.619), np.float64(0.692), np.float64(0.752), np.float64(0.8), np.float64(0.835), np.float64(0.861), np.float64(0.879), np.float64(0.892), np.float64(0.901), np.float64(0.907), np.float64(0.911), np.float64(0.914), np.float64(0.916), np.float64(0.917), np.float64(0.918), np.float64(0.919), np.float64(0.919), np.float64(0.919), np.float64(0.92), np.float64(0.92), np.float64(0.92), np.float64(0.92), np.float64(0.92), np.float64(0.92), np.float64(0.92), np.float64(0.92), np.float64(0.92), np.float64(0.92), np.float64(0.92), np.float64(0.92), np.float64(0.92), np.float64(0.92), np.float64(0.92), np.float64(0.92), np.float64(0.92), np.float64(0.92), np.float64(0.92), np.float64(0.92), np.float64(0.92), np.float64(0.92), np.float64(0.92), np.float64(0.92), np.float64(0.92), np.float64(0.92), np.float64(0.92), np.float64(0.92), np.float64(0.92), np.float64(0.92), np.float64(0.92), np.float64(0.92), np.float64(0.92), np.float64(0.92), np.float64(0.92), np.float64(0.92)]","[np.float64(0.013), np.float64(0.129), np.float64(0.129), np.float64(0.101), np.float64(0.085), np.float64(0.062), np.float64(0.072), np.float64(0.112), np.float64(0.019)]","[np.float64(0.28), np.float64(-7.29), np.float64(0.04), np.float64(0.08)]",0.28,-7.29,0.04,0.08,"psych_curve(xdata=array([-70.,  -8.,  -4.,  -2.,  -0.,   2.,   4.,   8.,  70.]), ydata=[np.float64(0.103), np.float64(0.5), np.float64(0.5), np.float64(0.714), np.float64(0.5), np.float64(0.778), np.float64(0.938), np.float64(0.786), np.float64(0.967)], fit=[np.float64(nan), np.float64(nan), np.float64(nan), np.float64(nan), np.float64(nan), np.float64(nan), np.float64(nan), np.float64(nan), np.float64(nan), np.float64(nan), np.float64(nan), np.float64(nan), np.float64(nan), np.float64(nan), np.float64(nan), np.float64(nan), np.float64(nan), np.float64(nan), np.float64(nan), np.float64(nan), np.float64(nan), np.float64(nan), np.float64(nan), np.float64(nan), np.float64(nan), np.float64(nan), np.float64(nan), np.float64(nan), np.float64(nan), np.float64(nan), np.float64(nan), np.float64(nan), np.float64(nan), np.float64(nan), np.float64(nan), np.float64(nan), np.float64(nan), np.float64(nan), np.float64(nan), np.float64(nan), np.float64(nan), np.float64(nan), np.float64(nan), np.float64(nan), np.float64(nan), np.float64(nan), np.float64(nan), np.float64(nan), np.float64(nan), np.float64(nan), np.float64(nan), np.float64(nan), np.float64(nan), np.float64(nan), np.float64(nan), np.float64(nan), np.float64(nan), np.float64(nan), np.float64(nan), np.float64(nan), np.float64(nan), np.float64(nan), np.float64(nan), np.float64(nan), np.float64(nan), np.float64(nan), np.float64(nan), np.float64(nan), np.float64(nan), np.float64(nan), np.float64(nan), np.float64(nan), np.float64(nan), np.float64(nan), np.float64(nan), np.float64(nan), np.float64(nan), np.float64(nan), np.float64(nan), np.float64(nan), np.float64(nan), np.float64(nan), np.float64(nan), np.float64(nan), np.float64(nan), np.float64(nan), np.float64(nan), np.float64(nan), np.float64(nan), np.float64(nan), np.float64(nan), np.float64(nan), np.float64(nan), np.float64(nan), np.float64(nan), np.float64(nan), np.float64(nan), np.float64(nan), np.float64(nan), np.float64(nan)], params=[np.float64(0.14), np.float64(-5.08), np.float64(0.11), np.float64(0.03)], fit_error=[np.float64(0.02), np.float64(0.139), np.float64(0.121), np.float64(0.125), np.float64(0.129), np.float64(0.101), np.float64(0.062), np.float64(0.114), np.float64(0.012)])",[-70.  -8.  -4.  -2.   0.   2.   4.   8.  70.],"[np.float64(0.035), np.float64(0.5), np.float64(0.5), np.float64(0.812), np.float64(0.875), np.float64(0.938), np.float64(0.895), np.float64(0.833), np.float64(0.898)]","[np.float64(0.04), np.float64(0.04), np.float64(0.04), np.float64(0.04), np.float64(0.04), np.float64(0.04), np.float64(0.04), np.float64(0.04), np.float64(0.04), np.float64(0.04), np.float64(0.04), np.float64(0.04), np.float64(0.04), np.float64(0.04), np.float64(0.04), np.float64(0.04), np.float64(0.04), np.float64(0.04), np.float64(0.04), np.float64(0.04), np.float64(0.04), np.float64(0.04), np.float64(0.04), np.float64(0.04), np.float64(0.04), np.float64(0.04), np.float64(0.041), np.float64(0.041), np.float64(0.041), np.float64(0.042), np.float64(0.043), np.float64(0.044), np.float64(0.047), np.float64(0.05), np.float64(0.054), np.float64(0.061), np.float64(0.071), np.float64(0.086), np.float64(0.106), np.float64(0.135), np.float64(0.174), np.float64(0.225), np.float64(0.289), np.float64(0.366), np.float64(0.45), np.float64(0.537), np.float64(0.619), np.float64(0.692), np.float64(0.752), np.float64(0.8), np.float64(0.835), np.float64(0.861), np.float64(0.879), np.float64(0.892), np.float64(0.901), np.float64(0.907), np.float64(0.911), np.float64(0.914), np.float64(0.916), np.float64(0.917), np.float64(0.918), np.float64(0.919), np.float64(0.919), np.float64(0.919), np.float64(0.92), np.float64(0.92), np.float64(0.92), np.float64(0.92), np.float64(0.92), np.float64(0.92), np.float64(0.92), np.float64(0.92), np.float64(0.92), np.float64(0.92), np.float64(0.92), np.float64(0.92), np.float64(0.92), np.float64(0.92), np.float64(0.92), np.float64(0.92), np.float64(0.92), np.float64(0.92), np.float64(0.92), np.float64(0.92), np.float64(0.92), np.float64(0.92), np.float64(0.92), np.float64(0.92), np.float64(0.92), np.float64(0.92), np.float64(0.92), np.float64(0.92), np.float64(0.92), np.float64(0.92), np.float64(0.92), np.float64(0.92), np.float64(0.92), np.float64(0.92), np.float64(0.92), np.float64(0.92)]","[np.float64(0.013), np.float64(0.129), np.float64(0.129), np.float64(0.101), np.float64(0.085), np.float64(0.062), np.float64(0.072), np.float64(0.112), np.float64(0.019)]","[np.float64(0.14), np.float64(-5.08), np.float64(0.11), np.float64(0.03)]",0.14,-5.08,0.11,0.03,
2022-03-11,4,170,327,Bpod5,255,125,130,110,136,204,95,109,117,87,42,27,15,0.8,0.76,0.8384615384615385,246,122,124,148,61,87,0.5545454545454546,0.6397058823529411,97,49,48,0.44545454545454544,0.35294117647058826,0.8292682926829268,0.7786885245901639,0.8790322580645161,0.8617021276595744,0.10034373347435221,0.7905405405405406,0.8969072164948454,-0.10636667595430482,0.5971256684491979,0.3991978609625668,9,3,6,0.03529411764705882,0.024,0.046153846153846156,204,95,109,510.0,237.5,272.5,4.0,0,0,0,0.25,,"psych_curve(xdata=array([-70.,  -8.,  -4.,  -2.,   0.,   2.,   4.,   8.,  70.]), ydata=[np.float64(0.152), np.float64(0.0), np.float64(0.75), np.float64(0.8), np.float64(0.857), np.float64(0.917), np.float64(0.875), np.float64(0.9), np.float64(0.876)], fit=[np.float64(0.08), np.float64(0.08), np.float64(0.08), np.float64(0.08), np.float64(0.08), np.float64(0.08), np.float64(0.08), np.float64(0.08), np.float64(0.08), np.float64(0.08), np.float64(0.08), np.float64(0.08), np.float64(0.08), np.float64(0.08), np.float64(0.08), np.float64(0.08), np.float64(0.08), np.float64(0.08), np.float64(0.08), np.float64(0.08), np.float64(0.08), np.float64(0.08), np.float64(0.08), np.float64(0.08), np.float64(0.08), np.float64(0.08), np.float64(0.08), np.float64(0.08), np.float64(0.08), np.float64(0.08), np.float64(0.08), np.float64(0.08), np.float64(0.08), np.float64(0.08), np.float64(0.08), np.float64(0.08), np.float64(0.08), np.float64(0.08), np.float64(0.08), np.float64(0.08), np.float64(0.08), np.float64(0.08), np.float64(0.08), np.float64(0.08), np.float64(0.082), np.float64(0.11), np.float64(0.418), np.float64(0.819), np.float64(0.867), np.float64(0.87), np.float64(0.87), np.float64(0.87), np.float64(0.87), np.float64(0.87), np.float64(0.87), np.float64(0.87), np.float64(0.87), np.float64(0.87), np.float64(0.87), np.float64(0.87), np.float64(0.87), np.float64(0.87), np.float64(0.87), np.float64(0.87), np.float64(0.87), np.float64(0.87), np.float64(0.87), np.float64(0.87), np.float64(0.87), np.float64(0.87), np.float64(0.87), np.float64(0.87), np.float64(0.87), np.float64(0.87), np.float64(0.87), np.float64(0.87), np.float64(0.87), np.float64(0.87), np.float64(0.87), np.float64(0.87), np.float64(0.87), np.float64(0.87), np.float64(0.87), np.float64(0.87), np.float64(0.87), np.float64(0.87), np.float64(0.87), np.float64(0.87), np.float64(0.87), np.float64(0.87), np.float64(0.87), np.float64(0.87), np.float64(0.87), np.float64(0.87), np.float64(0.87), np.float64(0.87), np.float64(0.87), np.float64(0.87), np.float64(0.87), np.float64(0.87)], params=[np.float64(2.09), np.float64(-4.81), np.float64(0.08), np.float64(0.13)], fit_error=[np.float64(0.036), np.float64(0.0), np.float64(0.164), np.float64(0.2), np.float64(0.143), np.float64(0.083), np.float64(0.125), np.float64(0.1), np.float64(0.035)])",[-70.  -8.  -4.  -2.   0.   2.   4.   8.  70.],"[np.float64(0.152), np.float64(0.0), np.float64(0.75), np.float64(0.8), np.float64(0.857), np.float64(0.917), np.float64(0.875), np.float64(0.9), np.float64(0.876)]","[np.float64(0.08), np.float64(0.08), np.float64(0.08), np.float64(0.08), np.float64(0.08), np.float64(0.08), np.float64(0.08), np.float64(0.08), np.float64(0.08), np.float64(0.08), np.float64(0.08), np.float64(0.08), np.float64(0.08), np.float64(0.08), np.float64(0.08), np.float64(0.08), np.float64(0.08), np.float64(0.08), np.float64(0.08), np.float64(0.08), np.float64(0.08), np.float64(0.08), np.float64(0.08), np.float64(0.08), np.float64(0.08), np.float64(0.08), np.float64(0.08), np.float64(0.08), np.float64(0.08), np.float64(0.08), np.float64(0.08), np.float64(0.08), np.float64(0.08), np.float64(0.08), np.float64(0.08), np.float64(0.08), np.float64(0.08), np.float64(0.08), np.float64(0.08), np.float64(0.08), np.float64(0.08), np.float64(0.08), np.float64(0.08), np.float64(0.08), np.float64(0.082), np.float64(0.11), np.float64(0.418), np.float64(0.819), np.float64(0.867), np.float64(0.87), np.float64(0.87), np.float64(0.87), np.float64(0.87), np.float64(0.87), np.float64(0.87), np.float64(0.87), np.float64(0.87), np.float64(0.87), np.float64(0.87), np.float64(0.87), np.float64(0.87), np.float64(0.87), np.float64(0.87), np.float64(0.87), np.float64(0.87), np.float64(0.87), np.float64(0.87), np.float64(0.87), np.float64(0.87), np.float64(0.87), np.float64(0.87), np.float64(0.87), np.float64(0.87), np.float64(0.87), np.float64(0.87), np.float64(0.87), np.float64(0.87), np.float64(0.87), np.float64(0.87), np.float64(0.87), np.float64(0.87), np.float64(0.87), np.float64(0.87), np.float64(0.87), np.float64(0.87), np.float64(0.87), np.float64(0.87), np.float64(0.87), np.float64(0.87), np.float64(0.87), np.float64(0.87), np.float64(0.87), np.float64(0.87), np.float64(0.87), np.float64(0.87), np.float64(0.87), np.float64(0.87), np.float64(0.87), np.float64(0.87), np.float64(0.87)]","[np.float64(0.036), np.float64(0.0), np.float64(0.164), np.float64(0.2), np.float64(0.143), np.float64(0.083), np.float64(0.125), np.float64(0.1), np.float64(0.035)]","[np.float64(2.09), np.float64(-4.81), np.float64(0.08), np.float64(0.13)]",2.09,-4.81,0.08,0.13,"psych_curve(xdata=array([-70.,  -8.,  -4.,  -2.,   0.,   2.,   4.,   8.,  70.]), ydata=[np.float64(0.234), np.float64(0.2), np.float64(0.444), np.float64(0.375), np.float64(0.571), np.float64(0.875), np.float64(0.571), np.float64(1.0), np.float64(0.957)], fit=[np.float64(nan), np.float64(nan), np.float64(nan), np.float64(nan), np.float64(nan), np.float64(nan), np.float64(nan), np.float64(nan), np.float64(nan), np.float64(nan), np.float64(nan), np.float64(nan), np.float64(nan), np.float64(nan), np.float64(nan), np.float64(nan), np.float64(nan), np.float64(nan), np.float64(nan), np.float64(nan), np.float64(nan), np.float64(nan), np.float64(nan), np.float64(nan), np.float64(nan), np.float64(nan), np.float64(nan), np.float64(nan), np.float64(nan), np.float64(nan), np.float64(nan), np.float64(nan), np.float64(nan), np.float64(nan), np.float64(nan), np.float64(nan), np.float64(nan), np.float64(nan), np.float64(nan), np.float64(nan), np.float64(nan), np.float64(nan), np.float64(nan), np.float64(nan), np.float64(nan), np.float64(nan), np.float64(nan), np.float64(nan), np.float64(nan), np.float64(nan), np.float64(nan), np.float64(nan), np.float64(nan), np.float64(nan), np.float64(nan), np.float64(nan), np.float64(nan), np.float64(nan), np.float64(nan), np.float64(nan), np.float64(nan), np.float64(nan), np.float64(nan), np.float64(nan), np.float64(nan), np.float64(nan), np.float64(nan), np.float64(nan), np.float64(nan), np.float64(nan), np.float64(nan), np.float64(nan), np.float64(nan), np.float64(nan), np.float64(nan), np.float64(nan), np.float64(nan), np.float64(nan), np.float64(nan), np.float64(nan), np.float64(nan), np.float64(nan), np.float64(nan), np.float64(nan), np.float64(nan), np.float64(nan), np.float64(nan), np.float64(nan), np.float64(nan), np.float64(nan), np.float64(nan), np.float64(nan), np.float64(nan), np.float64(nan), np.float64(nan), np.float64(nan), np.float64(nan), np.float64(nan), np.float64(nan), np.float64(nan)], params=[np.float64(0.31), np.float64(0.28), np.float64(0.21), np.float64(0.03)], fit_error=[np.float64(0.044), np.float64(0.2), np.float64(0.176), np.float64(0.183), np.float64(0.202), np.float64(0.125), np.float64(0.202), np.float64(0.0), np.float64(0.021)])",[-70.  -8.  -4.  -2.   0.   2.   4.   8.  70.],"[np.float64(0.152), np.float64(0.0), np.float64(0.75), np.float64(0.8), np.float64(0.857), np.float64(0.917), np.float64(0.875), np.float64(0.9), np.float64(0.876)]","[np.float64(0.08), np.float64(0.08), np.float64(0.08), np.float64(0.08), np.float64(0.08), np.float64(0.08), np.float64(0.08), np.float64(0.08), np.float64(0.08), np.float64(0.08), np.float64(0.08), np.float64(0.08), np.float64(0.08), np.float64(0.08), np.float64(0.08), np.float64(0.08), np.float64(0.08), np.float64(0.08), np.float64(0.08), np.float64(0.08), np.float64(0.08), np.float64(0.08), np.float64(0.08), np.float64(0.08), np.float64(0.08), np.float64(0.08), np.float64(0.08), np.float64(0.08), np.float64(0.08), np.float64(0.08), np.float64(0.08), np.float64(0.08), np.float64(0.08), np.float64(0.08), np.float64(0.08), np.float64(0.08), np.float64(0.08), np.float64(0.08), np.float64(0.08), np.float64(0.08), np.float64(0.08), np.float64(0.08), np.float64(0.08), np.float64(0.08), np.float64(0.082), np.float64(0.11), np.float64(0.418), np.float64(0.819), np.float64(0.867), np.float64(0.87), np.float64(0.87), np.float64(0.87), np.float64(0.87), np.float64(0.87), np.float64(0.87), np.float64(0.87), np.float64(0.87), np.float64(0.87), np.float64(0.87), np.float64(0.87), np.float64(0.87), np.float64(0.87), np.float64(0.87), np.float64(0.87), np.float64(0.87), np.float64(0.87), np.float64(0.87), np.float64(0.87), np.float64(0.87), np.float64(0.87), np.float64(0.87), np.float64(0.87), np.float64(0.87), np.float64(0.87), np.float64(0.87), np.float64(0.87), np.float64(0.87), np.float64(0.87), np.float64(0.87), np.float64(0.87), np.float64(0.87), np.float64(0.87), np.float64(0.87), np.float64(0.87), np.float64(0.87), np.float64(0.87), np.float64(0.87), np.float64(0.87), np.float64(0.87), np.float64(0.87), np.float64(0.87), np.float64(0.87), np.float64(0.87), np.float64(0.87), np.float64(0.87), np.float64(0.87), np.float64(0.87), np.float64(0.87), np.float64(0.87), np.float64(0.87)]","[np.float64(0.036), np.float64(0.0), np.float64(0.164), np.float64(0.2), np.float64(0.143), np.float64(0.083), np.float64(0.125), np.float64(0.1), np.float64(0.035)]","[np.float64(0.31), np.float64(0.28), np.float64(0.21), np.float64(0.03)]",0.31,0.28,0.21,0.03,
2022-03-15,1,174,327,Bpod5,225,108,117,89,113,171,78,93,82,88,31,20,11,0.76,0.7222222222222222,0.7948717948717948,202,98,104,105,41,64,0.4606741573033708,0.5663716814159292,95,47,48,0.5280898876404494,0.4247787610619469,0.8465346534653465,0.7959183673469388,0.8942307692307693,0.9,0.0983124018838305,0.780952380952381,0.9263157894736842,-0.14536340852130325,0.51352291935965,0.47643432435119815,23,10,13,0.10222222222222223,0.09259259259259259,0.1111111111111111,171,78,93,427.5,195.0,232.5,4.0,0,0,0,0.25,,"psych_curve(xdata=array([-70.,  -8.,  -4.,  -2.,   0.,   2.,   4.,   8.,  70.]), ydata=[np.float64(0.088), np.float64(0.286), np.float64(1.0), np.float64(1.0), np.float64(0.857), np.float64(1.0), np.float64(1.0), np.float64(0.75), np.float64(0.888)], fit=[np.float64(0.09), np.float64(0.09), np.float64(0.09), np.float64(0.09), np.float64(0.09), np.float64(0.09), np.float64(0.09), np.float64(0.09), np.float64(0.09), np.float64(0.09), np.float64(0.09), np.float64(0.09), np.float64(0.09), np.float64(0.09), np.float64(0.09), np.float64(0.09), np.float64(0.09), np.float64(0.09), np.float64(0.09), np.float64(0.09), np.float64(0.09), np.float64(0.09), np.float64(0.09), np.float64(0.09), np.float64(0.09), np.float64(0.09), np.float64(0.09), np.float64(0.09), np.float64(0.09), np.float64(0.09), np.float64(0.09), np.float64(0.09), np.float64(0.09), np.float64(0.09), np.float64(0.09), np.float64(0.09), np.float64(0.09), np.float64(0.09), np.float64(0.09), np.float64(0.09), np.float64(0.09), np.float64(0.09), np.float64(0.09), np.float64(0.092), np.float64(0.454), np.float64(0.926), np.float64(0.93), np.float64(0.93), np.float64(0.93), np.float64(0.93), np.float64(0.93), np.float64(0.93), np.float64(0.93), np.float64(0.93), np.float64(0.93), np.float64(0.93), np.float64(0.93), np.float64(0.93), np.float64(0.93), np.float64(0.93), np.float64(0.93), np.float64(0.93), np.float64(0.93), np.float64(0.93), np.float64(0.93), np.float64(0.93), np.float64(0.93), np.float64(0.93), np.float64(0.93), np.float64(0.93), np.float64(0.93), np.float64(0.93), np.float64(0.93), np.float64(0.93), np.float64(0.93), np.float64(0.93), np.float64(0.93), np.float64(0.93), np.float64(0.93), np.float64(0.93), np.float64(0.93), np.float64(0.93), np.float64(0.93), np.float64(0.93), np.float64(0.93), np.float64(0.93), np.float64(0.93), np.float64(0.93), np.float64(0.93), np.float64(0.93), np.float64(0.93), np.float64(0.93), np.float64(0.93), np.float64(0.93), np.float64(0.93), np.float64(0.93), np.float64(0.93), np.float64(0.93), np.float64(0.93), np.float64(0.93)], params=[np.float64(3.99), np.float64(-7.71), np.float64(0.09), np.float64(0.07)], fit_error=[np.float64(0.032), np.float64(0.184), np.float64(0.0), np.float64(0.0), np.float64(0.143), np.float64(0.0), np.float64(0.0), np.float64(0.25), np.float64(0.036)])",[-70.  -8.  -4.  -2.   0.   2.   4.   8.  70.],"[np.float64(0.088), np.float64(0.286), np.float64(1.0), np.float64(1.0), np.float64(0.857), np.float64(1.0), np.float64(1.0), np.float64(0.75), np.float64(0.888)]","[np.float64(0.09), np.float64(0.09), np.float64(0.09), np.float64(0.09), np.float64(0.09), np.float64(0.09), np.float64(0.09), np.float64(0.09), np.float64(0.09), np.float64(0.09), np.float64(0.09), np.float64(0.09), np.float64(0.09), np.float64(0.09), np.float64(0.09), np.float64(0.09), np.float64(0.09), np.float64(0.09), np.float64(0.09), np.float64(0.09), np.float64(0.09), np.float64(0.09), np.float64(0.09), np.float64(0.09), np.float64(0.09), np.float64(0.09), np.float64(0.09), np.float64(0.09), np.float64(0.09), np.float64(0.09), np.float64(0.09), np.float64(0.09), np.float64(0.09), np.float64(0.09), np.float64(0.09), np.float64(0.09), np.float64(0.09), np.float64(0.09), np.float64(0.09), np.float64(0.09), np.float64(0.09), np.float64(0.09), np.float64(0.09), np.float64(0.092), np.float64(0.454), np.float64(0.926), np.float64(0.93), np.float64(0.93), np.float64(0.93), np.float64(0.93), np.float64(0.93), np.float64(0.93), np.float64(0.93), np.float64(0.93), np.float64(0.93), np.float64(0.93), np.float64(0.93), np.float64(0.93), np.float64(0.93), np.float64(0.93), np.float64(0.93), np.float64(0.93), np.float64(0.93), np.float64(0.93), np.float64(0.93), np.float64(0.93), np.float64(0.93), np.float64(0.93), np.float64(0.93), np.float64(0.93), np.float64(0.93), np.float64(0.93), np.float64(0.93), np.float64(0.93), np.float64(0.93), np.float64(0.93), np.float64(0.93), np.float64(0.93), np.float64(0.93), np.float64(0.93), np.float64(0.93), np.float64(0.93), np.float64(0.93), np.float64(0.93), np.float64(0.93), np.float64(0.93), np.float64(0.93), np.float64(0.93), np.float64(0.93), np.float64(0.93), np.float64(0.93), np.float64(0.93), np.float64(0.93), np.float64(0.93), np.float64(0.93), np.float64(0.93), np.float64(0.93), np.float64(0.93), np.float64(0.93), np.float64(0.93)]","[np.float64(0.032), np.float64(0.184), np.float64(0.0), np.float64(0.0), np.float64(0.143), np.float64(0.0), np.float64(0.0), np.float64(0.25), np.float64(0.036)]","[np.float64(3.99), np.float64(-7.71), np.float64(0.09), np.float64(0.07)]",3.99,-7.71,0.09,0.07,"psych_curve(xdata=array([-70.,  -8.,  -4.,  -2.,   0.,   2.,   4.,   8.,  70.]), ydata=[np.float64(0.165), np.float64(0.4), np.float64(0.4), np.float64(0.375), np.float64(0.571), np.float64(0.667), np.float64(0.75), np.float64(0.833), np.float64(0.985)], fit=[np.float64(nan), np.float64(nan), np.float64(nan), np.float64(nan), np.float64(nan), np.float64(nan), np.float64(nan), np.float64(nan), np.float64(nan), np.float64(nan), np.float64(nan), np.float64(nan), np.float64(nan), np.float64(nan), np.float64(nan), np.float64(nan), np.float64(nan), np.float64(nan), np.float64(nan), np.float64(nan), np.float64(nan), np.float64(nan), np.float64(nan), np.float64(nan), np.float64(nan), np.float64(nan), np.float64(nan), np.float64(nan), np.float64(nan), np.float64(nan), np.float64(nan), np.float64(nan), np.float64(nan), np.float64(nan), np.float64(nan), np.float64(nan), np.float64(nan), np.float64(nan), np.float64(nan), np.float64(nan), np.float64(nan), np.float64(nan), np.float64(nan), np.float64(nan), np.float64(nan), np.float64(nan), np.float64(nan), np.float64(nan), np.float64(nan), np.float64(nan), np.float64(nan), np.float64(nan), np.float64(nan), np.float64(nan), np.float64(nan), np.float64(nan), np.float64(nan), np.float64(nan), np.float64(nan), np.float64(nan), np.float64(nan), np.float64(nan), np.float64(nan), np.float64(nan), np.float64(nan), np.float64(nan), np.float64(nan), np.float64(nan), np.float64(nan), np.float64(nan), np.float64(nan), np.float64(nan), np.float64(nan), np.float64(nan), np.float64(nan), np.float64(nan), np.float64(nan), np.float64(nan), np.float64(nan), np.float64(nan), np.float64(nan), np.float64(nan), np.float64(nan), np.float64(nan), np.float64(nan), np.float64(nan), np.float64(nan), np.float64(nan), np.float64(nan), np.float64(nan), np.float64(nan), np.float64(nan), np.float64(nan), np.float64(nan), np.float64(nan), np.float64(nan), np.float64(nan), np.float64(nan), np.float64(nan), np.float64(nan)], params=[np.float64(0.2), np.float64(0.84), np.float64(0.2), np.float64(0.01)], fit_error=[np.float64(0.039), np.float64(0.245), np.float64(0.245), np.float64(0.183), np.float64(0.202), np.float64(0.211), np.float64(0.25), np.float64(0.167), np.float64(0.015)])",[-70.  -8.  -4.  -2.   0.   2.   4.   8.  70.],"[np.float64(0.088), np.float64(0.286), np.float64(1.0), np.float64(1.0), np.float64(0.857), np.float64(1.0), np.float64(1.0), np.float64(0.75), np.float64(0.888)]","[np.float64(0.09), np.float64(0.09), np.float64(0.09), np.float64(0.09), np.float64(0.09), np.float64(0.09), np.float64(0.09), np.float64(0.09), np.float64(0.09), np.float64(0.09), np.float64(0.09), np.float64(0.09), np.float64(0.09), np.float64(0.09), np.float64(0.09), np.float64(0.09), np.float64(0.09), np.float64(0.09), np.float64(0.09), np.float64(0.09), np.float64(0.09), np.float64(0.09), np.float64(0.09), np.float64(0.09), np.float64(0.09), np.float64(0.09), np.float64(0.09), np.float64(0.09), np.float64(0.09), np.float64(0.09), np.float64(0.09), np.float64(0.09), np.float64(0.09), np.float64(0.09), np.float64(0.09), np.float64(0.09), np.float64(0.09), np.float64(0.09), np.float64(0.09), np.float64(0.09), np.float64(0.09), np.float64(0.09), np.float64(0.09), np.float64(0.092), np.float64(0.454), np.float64(0.926), np.float64(0.93), np.float64(0.93), np.float64(0.93), np.float64(0.93), np.float64(0.93), np.float64(0.93), np.float64(0.93), np.float64(0.93), np.float64(0.93), np.float64(0.93), np.float64(0.93), np.float64(0.93), np.float64(0.93), np.float64(0.93), np.float64(0.93), np.float64(0.93), np.float64(0.93), np.float64(0.93), np.float64(0.93), np.float64(0.93), np.float64(0.93), np.float64(0.93), np.float64(0.93), np.float64(0.93), np.float64(0.93), np.float64(0.93), np.float64(0.93), np.float64(0.93), np.float64(0.93), np.float64(0.93), np.float64(0.93), np.float64(0.93), np.float64(0.93), np.float64(0.93), np.float64(0.93), np.float64(0.93), np.float64(0.93), np.float64(0.93), np.float64(0.93), np.float64(0.93), np.float64(0.93), np.float64(0.93), np.float64(0.93), np.float64(0.93), np.float64(0.93), np.float64(0.93), np.float64(0.93), np.float64(0.93), np.float64(0.93), np.float64(0.93), np.float64(0.93), np.float64(0.93), np.float64(0.93), np.float64(0.93)]","[np.float64(0.032), np.float64(0.184), np.float64(0.0), np.float64(0.0), np.float64(0.143), np.float64(0.0), np.float64(0.0), np.float64(0.25), np.float64(0.036)]","[np.float64(0.2), np.float64(0.84), np.float64(0.2), np.float64(0.01)]",0.2,0.84,0.2,0.01,
2022-03-16,2,175,327,Bpod5,350,187,163,158,180,304,153,151,158,143,34,29,5,0.8685714285714285,0.8181818181818182,0.9263803680981595,338,182,156,185,81,104,0.5126582278481012,0.5777777777777777,150,76,74,0.4810126582278481,0.4111111111111111,0.8994082840236687,0.8406593406593407,0.967948717948718,0.9748201438848921,0.12728937728937728,0.8540540540540541,0.9533333333333334,-0.09927927927927926,0.5452180028129394,0.4460618846694796,12,5,7,0.03428571428571429,0.026737967914438502,0.04294478527607362,304,153,151,760.0,382.5,377.5,4.0,0,0,0,0.25,,"psych_curve(xdata=array([-70.,  -8.,  -4.,  -2.,   0.,   2.,   4.,   8.,  70.]), ydata=[np.float64(0.026), np.float64(0.333), np.float64(1.0), np.float64(1.0), np.float64(1.0), np.float64(0.857), np.float64(1.0), np.float64(0.889), np.float64(0.976)], fit=[np.float64(0.03), np.float64(0.03), np.float64(0.03), np.float64(0.03), np.float64(0.03), np.float64(0.03), np.float64(0.03), np.float64(0.03), np.float64(0.03), np.float64(0.03), np.float64(0.03), np.float64(0.03), np.float64(0.03), np.float64(0.03), np.float64(0.03), np.float64(0.03), np.float64(0.03), np.float64(0.03), np.float64(0.03), np.float64(0.03), np.float64(0.03), np.float64(0.03), np.float64(0.03), np.float64(0.03), np.float64(0.03), np.float64(0.03), np.float64(0.03), np.float64(0.03), np.float64(0.03), np.float64(0.03), np.float64(0.03), np.float64(0.03), np.float64(0.03), np.float64(0.03), np.float64(0.03), np.float64(0.03), np.float64(0.03), np.float64(0.03), np.float64(0.03), np.float64(0.03), np.float64(0.03), np.float64(0.03), np.float64(0.03), np.float64(0.036), np.float64(0.514), np.float64(0.955), np.float64(0.96), np.float64(0.96), np.float64(0.96), np.float64(0.96), np.float64(0.96), np.float64(0.96), np.float64(0.96), np.float64(0.96), np.float64(0.96), np.float64(0.96), np.float64(0.96), np.float64(0.96), np.float64(0.96), np.float64(0.96), np.float64(0.96), np.float64(0.96), np.float64(0.96), np.float64(0.96), np.float64(0.96), np.float64(0.96), np.float64(0.96), np.float64(0.96), np.float64(0.96), np.float64(0.96), np.float64(0.96), np.float64(0.96), np.float64(0.96), np.float64(0.96), np.float64(0.96), np.float64(0.96), np.float64(0.96), np.float64(0.96), np.float64(0.96), np.float64(0.96), np.float64(0.96), np.float64(0.96), np.float64(0.96), np.float64(0.96), np.float64(0.96), np.float64(0.96), np.float64(0.96), np.float64(0.96), np.float64(0.96), np.float64(0.96), np.float64(0.96), np.float64(0.96), np.float64(0.96), np.float64(0.96), np.float64(0.96), np.float64(0.96), np.float64(0.96), np.float64(0.96), np.float64(0.96), np.float64(0.96)], params=[np.float64(3.59), np.float64(-7.8), np.float64(0.03), np.float64(0.04)], fit_error=[np.float64(0.013), np.float64(0.167), np.float64(0.0), np.float64(0.0), np.float64(0.0), np.float64(0.143), np.float64(0.0), np.float64(0.111), np.float64(0.014)])",[-70.  -8.  -4.  -2.   0.   2.   4.   8.  70.],"[np.float64(0.026), np.float64(0.333), np.float64(1.0), np.float64(1.0), np.float64(1.0), np.float64(0.857), np.float64(1.0), np.float64(0.889), np.float64(0.976)]","[np.float64(0.03), np.float64(0.03), np.float64(0.03), np.float64(0.03), np.float64(0.03), np.float64(0.03), np.float64(0.03), np.float64(0.03), np.float64(0.03), np.float64(0.03), np.float64(0.03), np.float64(0.03), np.float64(0.03), np.float64(0.03), np.float64(0.03), np.float64(0.03), np.float64(0.03), np.float64(0.03), np.float64(0.03), np.float64(0.03), np.float64(0.03), np.float64(0.03), np.float64(0.03), np.float64(0.03), np.float64(0.03), np.float64(0.03), np.float64(0.03), np.float64(0.03), np.float64(0.03), np.float64(0.03), np.float64(0.03), np.float64(0.03), np.float64(0.03), np.float64(0.03), np.float64(0.03), np.float64(0.03), np.float64(0.03), np.float64(0.03), np.float64(0.03), np.float64(0.03), np.float64(0.03), np.float64(0.03), np.float64(0.03), np.float64(0.036), np.float64(0.514), np.float64(0.955), np.float64(0.96), np.float64(0.96), np.float64(0.96), np.float64(0.96), np.float64(0.96), np.float64(0.96), np.float64(0.96), np.float64(0.96), np.float64(0.96), np.float64(0.96), np.float64(0.96), np.float64(0.96), np.float64(0.96), np.float64(0.96), np.float64(0.96), np.float64(0.96), np.float64(0.96), np.float64(0.96), np.float64(0.96), np.float64(0.96), np.float64(0.96), np.float64(0.96), np.float64(0.96), np.float64(0.96), np.float64(0.96), np.float64(0.96), np.float64(0.96), np.float64(0.96), np.float64(0.96), np.float64(0.96), np.float64(0.96), np.float64(0.96), np.float64(0.96), np.float64(0.96), np.float64(0.96), np.float64(0.96), np.float64(0.96), np.float64(0.96), np.float64(0.96), np.float64(0.96), np.float64(0.96), np.float64(0.96), np.float64(0.96), np.float64(0.96), np.float64(0.96), np.float64(0.96), np.float64(0.96), np.float64(0.96), np.float64(0.96), np.float64(0.96), np.float64(0.96), np.float64(0.96), np.float64(0.96), np.float64(0.96)]","[np.float64(0.013), np.float64(0.167), np.float64(0.0), np.float64(0.0), np.float64(0.0), np.float64(0.143), np.float64(0.0), np.float64(0.111), np.float64(0.014)]","[np.float64(3.59), np.float64(-7.8), np.float64(0.03), np.float64(0.04)]",3.59,-7.8,0.03,0.04,"psych_curve(xdata=array([-70.,  -8.,  -4.,  -2.,  -0.,   2.,   4.,   8.,  70.]), ydata=[np.float64(0.052), np.float64(0.222), np.float64(0.545), np.float64(0.8), np.float64(0.6), np.float64(1.0), np.float64(0.5), np.float64(0.778), np.float64(1.0)], fit=[np.float64(nan), np.float64(nan), np.float64(nan), np.float64(nan), np.float64(nan), np.float64(nan), np.float64(nan), np.float64(nan), np.float64(nan), np.float64(nan), np.float64(nan), np.float64(nan), np.float64(nan), np.float64(nan), np.float64(nan), np.float64(nan), np.float64(nan), np.float64(nan), np.float64(nan), np.float64(nan), np.float64(nan), np.float64(nan), np.float64(nan), np.float64(nan), np.float64(nan), np.float64(nan), np.float64(nan), np.float64(nan), np.float64(nan), np.float64(nan), np.float64(nan), np.float64(nan), np.float64(nan), np.float64(nan), np.float64(nan), np.float64(nan), np.float64(nan), np.float64(nan), np.float64(nan), np.float64(nan), np.float64(nan), np.float64(nan), np.float64(nan), np.float64(nan), np.float64(nan), np.float64(nan), np.float64(nan), np.float64(nan), np.float64(nan), np.float64(nan), np.float64(nan), np.float64(nan), np.float64(nan), np.float64(nan), np.float64(nan), np.float64(nan), np.float64(nan), np.float64(nan), np.float64(nan), np.float64(nan), np.float64(nan), np.float64(nan), np.float64(nan), np.float64(nan), np.float64(nan), np.float64(nan), np.float64(nan), np.float64(nan), np.float64(nan), np.float64(nan), np.float64(nan), np.float64(nan), np.float64(nan), np.float64(nan), np.float64(nan), np.float64(nan), np.float64(nan), np.float64(nan), np.float64(nan), np.float64(nan), np.float64(nan), np.float64(nan), np.float64(nan), np.float64(nan), np.float64(nan), np.float64(nan), np.float64(nan), np.float64(nan), np.float64(nan), np.float64(nan), np.float64(nan), np.float64(nan), np.float64(nan), np.float64(nan), np.float64(nan), np.float64(nan), np.float64(nan), np.float64(nan), np.float64(nan), np.float64(nan)], params=[np.float64(0.5), np.float64(-5.6), np.float64(0.05), np.float64(0.2)], fit_error=[np.float64(0.019), np.float64(0.147), np.float64(0.157), np.float64(0.133), np.float64(0.163), np.float64(0.0), np.float64(0.224), np.float64(0.147), np.float64(0.0)])",[-70.  -8.  -4.  -2.   0.   2.   4.   8.  70.],"[np.float64(0.026), np.float64(0.333), np.float64(1.0), np.float64(1.0), np.float64(1.0), np.float64(0.857), np.float64(1.0), np.float64(0.889), np.float64(0.976)]","[np.float64(0.03), np.float64(0.03), np.float64(0.03), np.float64(0.03), np.float64(0.03), np.float64(0.03), np.float64(0.03), np.float64(0.03), np.float64(0.03), np.float64(0.03), np.float64(0.03), np.float64(0.03), np.float64(0.03), np.float64(0.03), np.float64(0.03), np.float64(0.03), np.float64(0.03), np.float64(0.03), np.float64(0.03), np.float64(0.03), np.float64(0.03), np.float64(0.03), np.float64(0.03), np.float64(0.03), np.float64(0.03), np.float64(0.03), np.float64(0.03), np.float64(0.03), np.float64(0.03), np.float64(0.03), np.float64(0.03), np.float64(0.03), np.float64(0.03), np.float64(0.03), np.float64(0.03), np.float64(0.03), np.float64(0.03), np.float64(0.03), np.float64(0.03), np.float64(0.03), np.float64(0.03), np.float64(0.03), np.float64(0.03), np.float64(0.036), np.float64(0.514), np.float64(0.955), np.float64(0.96), np.float64(0.96), np.float64(0.96), np.float64(0.96), np.float64(0.96), np.float64(0.96), np.float64(0.96), np.float64(0.96), np.float64(0.96), np.float64(0.96), np.float64(0.96), np.float64(0.96), np.float64(0.96), np.float64(0.96), np.float64(0.96), np.float64(0.96), np.float64(0.96), np.float64(0.96), np.float64(0.96), np.float64(0.96), np.float64(0.96), np.float64(0.96), np.float64(0.96), np.float64(0.96), np.float64(0.96), np.float64(0.96), np.float64(0.96), np.float64(0.96), np.float64(0.96), np.float64(0.96), np.float64(0.96), np.float64(0.96), np.float64(0.96), np.float64(0.96), np.float64(0.96), np.float64(0.96), np.float64(0.96), np.float64(0.96), np.float64(0.96), np.float64(0.96), np.float64(0.96), np.float64(0.96), np.float64(0.96), np.float64(0.96), np.float64(0.96), np.float64(0.96), np.float64(0.96), np.float64(0.96), np.float64(0.96), np.float64(0.96), np.float64(0.96), np.float64(0.96), np.float64(0.96), np.float64(0.96)]","[np.float64(0.013), np.float64(0.167), np.float64(0.0), np.float64(0.0), np.float64(0.0), np.float64(0.143), np.float64(0.0), np.float64(0.111), np.float64(0.014)]","[np.float64(0.5), np.float64(-5.6), np.float64(0.05), np.float64(0.2)]",0.5,-5.6,0.05,0.2,
2022-03-17,3,176,327,Bpod5,373,176,197,139,225,319,132,187,178,137,45,38,7,0.8552278820375335,0.75,0.949238578680203,364,170,194,210,63,147,0.45323741007194246,0.6533333333333333,150,75,75,0.539568345323741,0.3333333333333333,0.8763736263736264,0.7764705882352941,0.9639175257731959,0.9453924914675768,0.18744693753790176,0.8476190476190476,0.9133333333333333,-0.06571428571428573,0.5532853717026379,0.4364508393285371,9,6,3,0.024128686327077747,0.03409090909090909,0.015228426395939087,319,132,187,797.5,330.0,467.5,4.0,0,0,0,0.25,,"psych_curve(xdata=array([-70.,  -8.,  -4.,  -2.,   0.,   2.,   4.,   8.,  70.]), ydata=[np.float64(0.074), np.float64(0.429), np.float64(0.867), np.float64(1.0), np.float64(1.0), np.float64(0.933), np.float64(1.0), np.float64(1.0), np.float64(0.962)], fit=[np.float64(0.07), np.float64(0.07), np.float64(0.07), np.float64(0.07), np.float64(0.07), np.float64(0.07), np.float64(0.07), np.float64(0.07), np.float64(0.07), np.float64(0.07), np.float64(0.07), np.float64(0.07), np.float64(0.07), np.float64(0.07), np.float64(0.07), np.float64(0.07), np.float64(0.07), np.float64(0.07), np.float64(0.07), np.float64(0.07), np.float64(0.07), np.float64(0.07), np.float64(0.07), np.float64(0.07), np.float64(0.07), np.float64(0.07), np.float64(0.07), np.float64(0.07), np.float64(0.07), np.float64(0.07), np.float64(0.07), np.float64(0.07), np.float64(0.07), np.float64(0.07), np.float64(0.07), np.float64(0.07), np.float64(0.07), np.float64(0.071), np.float64(0.073), np.float64(0.077), np.float64(0.087), np.float64(0.11), np.float64(0.165), np.float64(0.276), np.float64(0.456), np.float64(0.663), np.float64(0.824), np.float64(0.916), np.float64(0.959), np.float64(0.977), np.float64(0.985), np.float64(0.988), np.float64(0.989), np.float64(0.99), np.float64(0.99), np.float64(0.99), np.float64(0.99), np.float64(0.99), np.float64(0.99), np.float64(0.99), np.float64(0.99), np.float64(0.99), np.float64(0.99), np.float64(0.99), np.float64(0.99), np.float64(0.99), np.float64(0.99), np.float64(0.99), np.float64(0.99), np.float64(0.99), np.float64(0.99), np.float64(0.99), np.float64(0.99), np.float64(0.99), np.float64(0.99), np.float64(0.99), np.float64(0.99), np.float64(0.99), np.float64(0.99), np.float64(0.99), np.float64(0.99), np.float64(0.99), np.float64(0.99), np.float64(0.99), np.float64(0.99), np.float64(0.99), np.float64(0.99), np.float64(0.99), np.float64(0.99), np.float64(0.99), np.float64(0.99), np.float64(0.99), np.float64(0.99), np.float64(0.99), np.float64(0.99), np.float64(0.99), np.float64(0.99), np.float64(0.99), np.float64(0.99), np.float64(0.99)], params=[np.float64(0.65), np.float64(-7.28), np.float64(0.07), np.float64(0.01)], fit_error=[np.float64(0.022), np.float64(0.202), np.float64(0.091), np.float64(0.0), np.float64(0.0), np.float64(0.067), np.float64(0.0), np.float64(0.0), np.float64(0.015)])",[-70.  -8.  -4.  -2.   0.   2.   4.   8.  70.],"[np.float64(0.074), np.float64(0.429), np.float64(0.867), np.float64(1.0), np.float64(1.0), np.float64(0.933), np.float64(1.0), np.float64(1.0), np.float64(0.962)]","[np.float64(0.07), np.float64(0.07), np.float64(0.07), np.float64(0.07), np.float64(0.07), np.float64(0.07), np.float64(0.07), np.float64(0.07), np.float64(0.07), np.float64(0.07), np.float64(0.07), np.float64(0.07), np.float64(0.07), np.float64(0.07), np.float64(0.07), np.float64(0.07), np.float64(0.07), np.float64(0.07), np.float64(0.07), np.float64(0.07), np.float64(0.07), np.float64(0.07), np.float64(0.07), np.float64(0.07), np.float64(0.07), np.float64(0.07), np.float64(0.07), np.float64(0.07), np.float64(0.07), np.float64(0.07), np.float64(0.07), np.float64(0.07), np.float64(0.07), np.float64(0.07), np.float64(0.07), np.float64(0.07), np.float64(0.07), np.float64(0.071), np.float64(0.073), np.float64(0.077), np.float64(0.087), np.float64(0.11), np.float64(0.165), np.float64(0.276), np.float64(0.456), np.float64(0.663), np.float64(0.824), np.float64(0.916), np.float64(0.959), np.float64(0.977), np.float64(0.985), np.float64(0.988), np.float64(0.989), np.float64(0.99), np.float64(0.99), np.float64(0.99), np.float64(0.99), np.float64(0.99), np.float64(0.99), np.float64(0.99), np.float64(0.99), np.float64(0.99), np.float64(0.99), np.float64(0.99), np.float64(0.99), np.float64(0.99), np.float64(0.99), np.float64(0.99), np.float64(0.99), np.float64(0.99), np.float64(0.99), np.float64(0.99), np.float64(0.99), np.float64(0.99), np.float64(0.99), np.float64(0.99), np.float64(0.99), np.float64(0.99), np.float64(0.99), np.float64(0.99), np.float64(0.99), np.float64(0.99), np.float64(0.99), np.float64(0.99), np.float64(0.99), np.float64(0.99), np.float64(0.99), np.float64(0.99), np.float64(0.99), np.float64(0.99), np.float64(0.99), np.float64(0.99), np.float64(0.99), np.float64(0.99), np.float64(0.99), np.float64(0.99), np.float64(0.99), np.float64(0.99), np.float64(0.99), np.float64(0.99)]","[np.float64(0.022), np.float64(0.202), np.float64(0.091), np.float64(0.0), np.float64(0.0), np.float64(0.067), np.float64(0.0), np.float64(0.0), np.float64(0.015)]","[np.float64(0.65), np.float64(-7.28), np.float64(0.07), np.float64(0.01)]",0.65,-7.28,0.07,0.01,"psych_curve(xdata=array([-70.,  -8.,  -4.,  -2.,   0.,   2.,   4.,   8.,  70.]), ydata=[np.float64(0.103), np.float64(0.375), np.float64(0.7), np.float64(0.5), np.float64(0.333), np.float64(0.857), np.float64(0.6), np.float64(1.0), np.float64(0.987)], fit=[np.float64(nan), np.float64(nan), np.float64(nan), np.float64(nan), np.float64(nan), np.float64(nan), np.float64(nan), np.float64(nan), np.float64(nan), np.float64(nan), np.float64(nan), np.float64(nan), np.float64(nan), np.float64(nan), np.float64(nan), np.float64(nan), np.float64(nan), np.float64(nan), np.float64(nan), np.float64(nan), np.float64(nan), np.float64(nan), np.float64(nan), np.float64(nan), np.float64(nan), np.float64(nan), np.float64(nan), np.float64(nan), np.float64(nan), np.float64(nan), np.float64(nan), np.float64(nan), np.float64(nan), np.float64(nan), np.float64(nan), np.float64(nan), np.float64(nan), np.float64(nan), np.float64(nan), np.float64(nan), np.float64(nan), np.float64(nan), np.float64(nan), np.float64(nan), np.float64(nan), np.float64(nan), np.float64(nan), np.float64(nan), np.float64(nan), np.float64(nan), np.float64(nan), np.float64(nan), np.float64(nan), np.float64(nan), np.float64(nan), np.float64(nan), np.float64(nan), np.float64(nan), np.float64(nan), np.float64(nan), np.float64(nan), np.float64(nan), np.float64(nan), np.float64(nan), np.float64(nan), np.float64(nan), np.float64(nan), np.float64(nan), np.float64(nan), np.float64(nan), np.float64(nan), np.float64(nan), np.float64(nan), np.float64(nan), np.float64(nan), np.float64(nan), np.float64(nan), np.float64(nan), np.float64(nan), np.float64(nan), np.float64(nan), np.float64(nan), np.float64(nan), np.float64(nan), np.float64(nan), np.float64(nan), np.float64(nan), np.float64(nan), np.float64(nan), np.float64(nan), np.float64(nan), np.float64(nan), np.float64(nan), np.float64(nan), np.float64(nan), np.float64(nan), np.float64(nan), np.float64(nan), np.float64(nan), np.float64(nan)], params=[np.float64(0.14), np.float64(-1.63), np.float64(0.12), np.float64(-0.02)], fit_error=[np.float64(0.026), np.float64(0.183), np.float64(0.153), np.float64(0.139), np.float64(0.211), np.float64(0.143), np.float64(0.131), np.float64(0.0), np.float64(0.009)])",[-70.  -8.  -4.  -2.   0.   2.   4.   8.  70.],"[np.float64(0.074), np.float64(0.429), np.float64(0.867), np.float64(1.0), np.float64(1.0), np.float64(0.933), np.float64(1.0), np.float64(1.0), np.float64(0.962)]","[np.float64(0.07), np.float64(0.07), np.float64(0.07), np.float64(0.07), np.float64(0.07), np.float64(0.07), np.float64(0.07), np.float64(0.07), np.float64(0.07), np.float64(0.07), np.float64(0.07), np.float64(0.07), np.float64(0.07), np.float64(0.07), np.float64(0.07), np.float64(0.07), np.float64(0.07), np.float64(0.07), np.float64(0.07), np.float64(0.07), np.float64(0.07), np.float64(0.07), np.float64(0.07), np.float64(0.07), np.float64(0.07), np.float64(0.07), np.float64(0.07), np.float64(0.07), np.float64(0.07), np.float64(0.07), np.float64(0.07), np.float64(0.07), np.float64(0.07), np.float64(0.07), np.float64(0.07), np.float64(0.07), np.float64(0.07), np.float64(0.071), np.float64(0.073), np.float64(0.077), np.float64(0.087), np.float64(0.11), np.float64(0.165), np.float64(0.276), np.float64(0.456), np.float64(0.663), np.float64(0.824), np.float64(0.916), np.float64(0.959), np.float64(0.977), np.float64(0.985), np.float64(0.988), np.float64(0.989), np.float64(0.99), np.float64(0.99), np.float64(0.99), np.float64(0.99), np.float64(0.99), np.float64(0.99), np.float64(0.99), np.float64(0.99), np.float64(0.99), np.float64(0.99), np.float64(0.99), np.float64(0.99), np.float64(0.99), np.float64(0.99), np.float64(0.99), np.float64(0.99), np.float64(0.99), np.float64(0.99), np.float64(0.99), np.float64(0.99), np.float64(0.99), np.float64(0.99), np.float64(0.99), np.float64(0.99), np.float64(0.99), np.float64(0.99), np.float64(0.99), np.float64(0.99), np.float64(0.99), np.float64(0.99), np.float64(0.99), np.float64(0.99), np.float64(0.99), np.float64(0.99), np.float64(0.99), np.float64(0.99), np.float64(0.99), np.float64(0.99), np.float64(0.99), np.float64(0.99), np.float64(0.99), np.float64(0.99), np.float64(0.99), np.float64(0.99), np.float64(0.99), np.float64(0.99), np.float64(0.99)]","[np.float64(0.022), np.float64(0.202), np.float64(0.091), np.float64(0.0), np.float64(0.0), np.float64(0.067), np.float64(0.0), np.float64(0.0), np.float64(0.015)]","[np.float64(0.14), np.float64(-1.63), np.float64(0.12), np.float64(-0.02)]",0.14,-1.63,0.12,-0.02,
2022-03-18,4,177,327,Bpod5,453,210,243,164,278,397,160,237,206,185,45,41,4,0.8763796909492274,0.7619047619047619,0.9753086419753086,442,201,241,245,67,178,0.40853658536585363,0.6402877697841727,191,94,97,0.573170731707317,0.3489208633093525,0.8981900452488688,0.7960199004975125,0.983402489626556,0.9508670520231214,0.1873825891290435,0.8408163265306122,0.9685863874345549,-0.12777006090394272,0.5244121775750131,0.46104579750833474,11,9,2,0.024282560706401765,0.04285714285714286,0.00823045267489712,397,160,237,992.5,400.0,592.5,4.0,0,0,0,0.3082781456953642,,"psych_curve(xdata=array([-70.,  -8.,  -4.,  -2.,   0.,   2.,   4.,   8.,  70.]), ydata=[np.float64(0.089), np.float64(0.375), np.float64(0.545), np.float64(0.889), np.float64(0.917), np.float64(1.0), np.float64(0.944), np.float64(1.0), np.float64(0.984)], fit=[np.float64(0.11), np.float64(0.11), np.float64(0.11), np.float64(0.11), np.float64(0.11), np.float64(0.11), np.float64(0.11), np.float64(0.11), np.float64(0.11), np.float64(0.11), np.float64(0.11), np.float64(0.11), np.float64(0.11), np.float64(0.11), np.float64(0.11), np.float64(0.11), np.float64(0.11), np.float64(0.11), np.float64(0.11), np.float64(0.11), np.float64(0.11), np.float64(0.11), np.float64(0.11), np.float64(0.11), np.float64(0.11), np.float64(0.11), np.float64(0.11), np.float64(0.11), np.float64(0.11), np.float64(0.11), np.float64(0.11), np.float64(0.11), np.float64(0.11), np.float64(0.111), np.float64(0.111), np.float64(0.112), np.float64(0.113), np.float64(0.116), np.float64(0.12), np.float64(0.128), np.float64(0.141), np.float64(0.164), np.float64(0.2), np.float64(0.258), np.float64(0.341), np.float64(0.45), np.float64(0.575), np.float64(0.698), np.float64(0.802), np.float64(0.878), np.float64(0.93), np.float64(0.963), np.float64(0.983), np.float64(0.994), np.float64(1.001), np.float64(1.005), np.float64(1.007), np.float64(1.008), np.float64(1.009), np.float64(1.009), np.float64(1.01), np.float64(1.01), np.float64(1.01), np.float64(1.01), np.float64(1.01), np.float64(1.01), np.float64(1.01), np.float64(1.01), np.float64(1.01), np.float64(1.01), np.float64(1.01), np.float64(1.01), np.float64(1.01), np.float64(1.01), np.float64(1.01), np.float64(1.01), np.float64(1.01), np.float64(1.01), np.float64(1.01), np.float64(1.01), np.float64(1.01), np.float64(1.01), np.float64(1.01), np.float64(1.01), np.float64(1.01), np.float64(1.01), np.float64(1.01), np.float64(1.01), np.float64(1.01), np.float64(1.01), np.float64(1.01), np.float64(1.01), np.float64(1.01), np.float64(1.01), np.float64(1.01), np.float64(1.01), np.float64(1.01), np.float64(1.01), np.float64(1.01), np.float64(1.01)], params=[np.float64(0.4), np.float64(-5.12), np.float64(0.11), np.float64(-0.01)], fit_error=[np.float64(0.023), np.float64(0.125), np.float64(0.157), np.float64(0.111), np.float64(0.083), np.float64(0.0), np.float64(0.056), np.float64(0.0), np.float64(0.009)])",[-70.  -8.  -4.  -2.   0.   2.   4.   8.  70.],"[np.float64(0.089), np.float64(0.375), np.float64(0.545), np.float64(0.889), np.float64(0.917), np.float64(1.0), np.float64(0.944), np.float64(1.0), np.float64(0.984)]","[np.float64(0.11), np.float64(0.11), np.float64(0.11), np.float64(0.11), np.float64(0.11), np.float64(0.11), np.float64(0.11), np.float64(0.11), np.float64(0.11), np.float64(0.11), np.float64(0.11), np.float64(0.11), np.float64(0.11), np.float64(0.11), np.float64(0.11), np.float64(0.11), np.float64(0.11), np.float64(0.11), np.float64(0.11), np.float64(0.11), np.float64(0.11), np.float64(0.11), np.float64(0.11), np.float64(0.11), np.float64(0.11), np.float64(0.11), np.float64(0.11), np.float64(0.11), np.float64(0.11), np.float64(0.11), np.float64(0.11), np.float64(0.11), np.float64(0.11), np.float64(0.111), np.float64(0.111), np.float64(0.112), np.float64(0.113), np.float64(0.116), np.float64(0.12), np.float64(0.128), np.float64(0.141), np.float64(0.164), np.float64(0.2), np.float64(0.258), np.float64(0.341), np.float64(0.45), np.float64(0.575), np.float64(0.698), np.float64(0.802), np.float64(0.878), np.float64(0.93), np.float64(0.963), np.float64(0.983), np.float64(0.994), np.float64(1.001), np.float64(1.005), np.float64(1.007), np.float64(1.008), np.float64(1.009), np.float64(1.009), np.float64(1.01), np.float64(1.01), np.float64(1.01), np.float64(1.01), np.float64(1.01), np.float64(1.01), np.float64(1.01), np.float64(1.01), np.float64(1.01), np.float64(1.01), np.float64(1.01), np.float64(1.01), np.float64(1.01), np.float64(1.01), np.float64(1.01), np.float64(1.01), np.float64(1.01), np.float64(1.01), np.float64(1.01), np.float64(1.01), np.float64(1.01), np.float64(1.01), np.float64(1.01), np.float64(1.01), np.float64(1.01), np.float64(1.01), np.float64(1.01), np.float64(1.01), np.float64(1.01), np.float64(1.01), np.float64(1.01), np.float64(1.01), np.float64(1.01), np.float64(1.01), np.float64(1.01), np.float64(1.01), np.float64(1.01), np.float64(1.01), np.float64(1.01), np.float64(1.01)]","[np.float64(0.023), np.float64(0.125), np.float64(0.157), np.float64(0.111), np.float64(0.083), np.float64(0.0), np.float64(0.056), np.float64(0.0), np.float64(0.009)]","[np.float64(0.4), np.float64(-5.12), np.float64(0.11), np.float64(-0.01)]",0.4,-5.12,0.11,-0.01,"psych_curve(xdata=array([-70.,  -8.,  -4.,  -2.,  -0.,   2.,   4.,   8.,  70.]), ydata=[np.float64(0.086), np.float64(0.385), np.float64(0.412), np.float64(0.462), np.float64(0.833), np.float64(0.846), np.float64(1.0), np.float64(0.933), np.float64(0.988)], fit=[np.float64(nan), np.float64(nan), np.float64(nan), np.float64(nan), np.float64(nan), np.float64(nan), np.float64(nan), np.float64(nan), np.float64(nan), np.float64(nan), np.float64(nan), np.float64(nan), np.float64(nan), np.float64(nan), np.float64(nan), np.float64(nan), np.float64(nan), np.float64(nan), np.float64(nan), np.float64(nan), np.float64(nan), np.float64(nan), np.float64(nan), np.float64(nan), np.float64(nan), np.float64(nan), np.float64(nan), np.float64(nan), np.float64(nan), np.float64(nan), np.float64(nan), np.float64(nan), np.float64(nan), np.float64(nan), np.float64(nan), np.float64(nan), np.float64(nan), np.float64(nan), np.float64(nan), np.float64(nan), np.float64(nan), np.float64(nan), np.float64(nan), np.float64(nan), np.float64(nan), np.float64(nan), np.float64(nan), np.float64(nan), np.float64(nan), np.float64(nan), np.float64(nan), np.float64(nan), np.float64(nan), np.float64(nan), np.float64(nan), np.float64(nan), np.float64(nan), np.float64(nan), np.float64(nan), np.float64(nan), np.float64(nan), np.float64(nan), np.float64(nan), np.float64(nan), np.float64(nan), np.float64(nan), np.float64(nan), np.float64(nan), np.float64(nan), np.float64(nan), np.float64(nan), np.float64(nan), np.float64(nan), np.float64(nan), np.float64(nan), np.float64(nan), np.float64(nan), np.float64(nan), np.float64(nan), np.float64(nan), np.float64(nan), np.float64(nan), np.float64(nan), np.float64(nan), np.float64(nan), np.float64(nan), np.float64(nan), np.float64(nan), np.float64(nan), np.float64(nan), np.float64(nan), np.float64(nan), np.float64(nan), np.float64(nan), np.float64(nan), np.float64(nan), np.float64(nan), np.float64(nan), np.float64(nan), np.float64(nan)], params=[np.float64(0.39), np.float64(-1.95), np.float64(0.17), np.float64(-0.0)], fit_error=[np.float64(0.021), np.float64(0.14), np.float64(0.123), np.float64(0.144), np.float64(0.112), np.float64(0.104), np.float64(0.0), np.float64(0.067), np.float64(0.008)])",[-70.  -8.  -4.  -2.   0.   2.   4.   8.  70.],"[np.float64(0.089), np.float64(0.375), np.float64(0.545), np.float64(0.889), np.float64(0.917), np.float64(1.0), np.float64(0.944), np.float64(1.0), np.float64(0.984)]","[np.float64(0.11), np.float64(0.11), np.float64(0.11), np.float64(0.11), np.float64(0.11), np.float64(0.11), np.float64(0.11), np.float64(0.11), np.float64(0.11), np.float64(0.11), np.float64(0.11), np.float64(0.11), np.float64(0.11), np.float64(0.11), np.float64(0.11), np.float64(0.11), np.float64(0.11), np.float64(0.11), np.float64(0.11), np.float64(0.11), np.float64(0.11), np.float64(0.11), np.float64(0.11), np.float64(0.11), np.float64(0.11), np.float64(0.11), np.float64(0.11), np.float64(0.11), np.float64(0.11), np.float64(0.11), np.float64(0.11), np.float64(0.11), np.float64(0.11), np.float64(0.111), np.float64(0.111), np.float64(0.112), np.float64(0.113), np.float64(0.116), np.float64(0.12), np.float64(0.128), np.float64(0.141), np.float64(0.164), np.float64(0.2), np.float64(0.258), np.float64(0.341), np.float64(0.45), np.float64(0.575), np.float64(0.698), np.float64(0.802), np.float64(0.878), np.float64(0.93), np.float64(0.963), np.float64(0.983), np.float64(0.994), np.float64(1.001), np.float64(1.005), np.float64(1.007), np.float64(1.008), np.float64(1.009), np.float64(1.009), np.float64(1.01), np.float64(1.01), np.float64(1.01), np.float64(1.01), np.float64(1.01), np.float64(1.01), np.float64(1.01), np.float64(1.01), np.float64(1.01), np.float64(1.01), np.float64(1.01), np.float64(1.01), np.float64(1.01), np.float64(1.01), np.float64(1.01), np.float64(1.01), np.float64(1.01), np.float64(1.01), np.float64(1.01), np.float64(1.01), np.float64(1.01), np.float64(1.01), np.float64(1.01), np.float64(1.01), np.float64(1.01), np.float64(1.01), np.float64(1.01), np.float64(1.01), np.float64(1.01), np.float64(1.01), np.float64(1.01), np.float64(1.01), np.float64(1.01), np.float64(1.01), np.float64(1.01), np.float64(1.01), np.float64(1.01), np.float64(1.01), np.float64(1.01), np.float64(1.01)]","[np.float64(0.023), np.float64(0.125), np.float64(0.157), np.float64(0.111), np.float64(0.083), np.float64(0.0), np.float64(0.056), np.float64(0.0), np.float64(0.009)]","[np.float64(0.39), np.float64(-1.95), np.float64(0.17), np.float64(-0.0)]",0.39,-1.95,0.17,-0.0,
2022-03-21,0,180,327,Bpod5,324,152,172,110,205,270,106,164,140,129,45,41,4,0.8333333333333334,0.6973684210526315,0.9534883720930233,315,147,168,173,40,133,0.36363636363636365,0.6487804878048781,140,70,70,0.6363636363636364,0.34146341463414637,0.8571428571428571,0.7210884353741497,0.9761904761904762,0.934156378600823,0.2551020408163265,0.8092485549132948,0.9214285714285714,-0.11218001651527654,0.5062084257206209,0.48891352549889133,9,5,4,0.027777777777777776,0.03289473684210526,0.023255813953488372,270,106,164,675.0,265.0,410.0,4.0,0,0,0,0.34506172839506166,,"psych_curve(xdata=array([-70.,  -8.,  -4.,  -2.,   0.,   2.,   4.,   8.,  70.]), ydata=[np.float64(0.111), np.float64(0.417), np.float64(0.909), np.float64(0.778), np.float64(1.0), np.float64(1.0), np.float64(1.0), np.float64(1.0), np.float64(0.97)], fit=[np.float64(0.11), np.float64(0.11), np.float64(0.11), np.float64(0.11), np.float64(0.11), np.float64(0.11), np.float64(0.11), np.float64(0.11), np.float64(0.11), np.float64(0.11), np.float64(0.11), np.float64(0.11), np.float64(0.11), np.float64(0.11), np.float64(0.11), np.float64(0.11), np.float64(0.11), np.float64(0.11), np.float64(0.11), np.float64(0.11), np.float64(0.11), np.float64(0.11), np.float64(0.11), np.float64(0.11), np.float64(0.11), np.float64(0.11), np.float64(0.11), np.float64(0.11), np.float64(0.11), np.float64(0.11), np.float64(0.11), np.float64(0.11), np.float64(0.11), np.float64(0.11), np.float64(0.11), np.float64(0.111), np.float64(0.112), np.float64(0.114), np.float64(0.118), np.float64(0.125), np.float64(0.141), np.float64(0.172), np.float64(0.229), np.float64(0.324), np.float64(0.46), np.float64(0.616), np.float64(0.758), np.float64(0.859), np.float64(0.921), np.float64(0.955), np.float64(0.973), np.float64(0.982), np.float64(0.986), np.float64(0.988), np.float64(0.989), np.float64(0.99), np.float64(0.99), np.float64(0.99), np.float64(0.99), np.float64(0.99), np.float64(0.99), np.float64(0.99), np.float64(0.99), np.float64(0.99), np.float64(0.99), np.float64(0.99), np.float64(0.99), np.float64(0.99), np.float64(0.99), np.float64(0.99), np.float64(0.99), np.float64(0.99), np.float64(0.99), np.float64(0.99), np.float64(0.99), np.float64(0.99), np.float64(0.99), np.float64(0.99), np.float64(0.99), np.float64(0.99), np.float64(0.99), np.float64(0.99), np.float64(0.99), np.float64(0.99), np.float64(0.99), np.float64(0.99), np.float64(0.99), np.float64(0.99), np.float64(0.99), np.float64(0.99), np.float64(0.99), np.float64(0.99), np.float64(0.99), np.float64(0.99), np.float64(0.99), np.float64(0.99), np.float64(0.99), np.float64(0.99), np.float64(0.99), np.float64(0.99)], params=[np.float64(0.51), np.float64(-6.96), np.float64(0.11), np.float64(0.01)], fit_error=[np.float64(0.03), np.float64(0.149), np.float64(0.091), np.float64(0.147), np.float64(0.0), np.float64(0.0), np.float64(0.0), np.float64(0.0), np.float64(0.015)])",[-70.  -8.  -4.  -2.   0.   2.   4.   8.  70.],"[np.float64(0.111), np.float64(0.417), np.float64(0.909), np.float64(0.778), np.float64(1.0), np.float64(1.0), np.float64(1.0), np.float64(1.0), np.float64(0.97)]","[np.float64(0.11), np.float64(0.11), np.float64(0.11), np.float64(0.11), np.float64(0.11), np.float64(0.11), np.float64(0.11), np.float64(0.11), np.float64(0.11), np.float64(0.11), np.float64(0.11), np.float64(0.11), np.float64(0.11), np.float64(0.11), np.float64(0.11), np.float64(0.11), np.float64(0.11), np.float64(0.11), np.float64(0.11), np.float64(0.11), np.float64(0.11), np.float64(0.11), np.float64(0.11), np.float64(0.11), np.float64(0.11), np.float64(0.11), np.float64(0.11), np.float64(0.11), np.float64(0.11), np.float64(0.11), np.float64(0.11), np.float64(0.11), np.float64(0.11), np.float64(0.11), np.float64(0.11), np.float64(0.111), np.float64(0.112), np.float64(0.114), np.float64(0.118), np.float64(0.125), np.float64(0.141), np.float64(0.172), np.float64(0.229), np.float64(0.324), np.float64(0.46), np.float64(0.616), np.float64(0.758), np.float64(0.859), np.float64(0.921), np.float64(0.955), np.float64(0.973), np.float64(0.982), np.float64(0.986), np.float64(0.988), np.float64(0.989), np.float64(0.99), np.float64(0.99), np.float64(0.99), np.float64(0.99), np.float64(0.99), np.float64(0.99), np.float64(0.99), np.float64(0.99), np.float64(0.99), np.float64(0.99), np.float64(0.99), np.float64(0.99), np.float64(0.99), np.float64(0.99), np.float64(0.99), np.float64(0.99), np.float64(0.99), np.float64(0.99), np.float64(0.99), np.float64(0.99), np.float64(0.99), np.float64(0.99), np.float64(0.99), np.float64(0.99), np.float64(0.99), np.float64(0.99), np.float64(0.99), np.float64(0.99), np.float64(0.99), np.float64(0.99), np.float64(0.99), np.float64(0.99), np.float64(0.99), np.float64(0.99), np.float64(0.99), np.float64(0.99), np.float64(0.99), np.float64(0.99), np.float64(0.99), np.float64(0.99), np.float64(0.99), np.float64(0.99), np.float64(0.99), np.float64(0.99), np.float64(0.99)]","[np.float64(0.03), np.float64(0.149), np.float64(0.091), np.float64(0.147), np.float64(0.0), np.float64(0.0), np.float64(0.0), np.float64(0.0), np.float64(0.015)]","[np.float64(0.51), np.float64(-6.96), np.float64(0.11), np.float64(0.01)]",0.51,-6.96,0.11,0.01,"psych_curve(xdata=array([-70.,  -8.,  -4.,  -2.,  -0.,   2.,   4.,   8.,  70.]), ydata=[np.float64(0.095), np.float64(0.333), np.float64(0.6), np.float64(0.7), np.float64(0.692), np.float64(1.0), np.float64(0.556), np.float64(0.8), np.float64(0.974)], fit=[np.float64(nan), np.float64(nan), np.float64(nan), np.float64(nan), np.float64(nan), np.float64(nan), np.float64(nan), np.float64(nan), np.float64(nan), np.float64(nan), np.float64(nan), np.float64(nan), np.float64(nan), np.float64(nan), np.float64(nan), np.float64(nan), np.float64(nan), np.float64(nan), np.float64(nan), np.float64(nan), np.float64(nan), np.float64(nan), np.float64(nan), np.float64(nan), np.float64(nan), np.float64(nan), np.float64(nan), np.float64(nan), np.float64(nan), np.float64(nan), np.float64(nan), np.float64(nan), np.float64(nan), np.float64(nan), np.float64(nan), np.float64(nan), np.float64(nan), np.float64(nan), np.float64(nan), np.float64(nan), np.float64(nan), np.float64(nan), np.float64(nan), np.float64(nan), np.float64(nan), np.float64(nan), np.float64(nan), np.float64(nan), np.float64(nan), np.float64(nan), np.float64(nan), np.float64(nan), np.float64(nan), np.float64(nan), np.float64(nan), np.float64(nan), np.float64(nan), np.float64(nan), np.float64(nan), np.float64(nan), np.float64(nan), np.float64(nan), np.float64(nan), np.float64(nan), np.float64(nan), np.float64(nan), np.float64(nan), np.float64(nan), np.float64(nan), np.float64(nan), np.float64(nan), np.float64(nan), np.float64(nan), np.float64(nan), np.float64(nan), np.float64(nan), np.float64(nan), np.float64(nan), np.float64(nan), np.float64(nan), np.float64(nan), np.float64(nan), np.float64(nan), np.float64(nan), np.float64(nan), np.float64(nan), np.float64(nan), np.float64(nan), np.float64(nan), np.float64(nan), np.float64(nan), np.float64(nan), np.float64(nan), np.float64(nan), np.float64(nan), np.float64(nan), np.float64(nan), np.float64(nan), np.float64(nan), np.float64(nan)], params=[np.float64(0.3), np.float64(-5.99), np.float64(0.09), np.float64(0.15)], fit_error=[np.float64(0.026), np.float64(0.167), np.float64(0.163), np.float64(0.153), np.float64(0.133), np.float64(0.0), np.float64(0.176), np.float64(0.133), np.float64(0.015)])",[-70.  -8.  -4.  -2.   0.   2.   4.   8.  70.],"[np.float64(0.111), np.float64(0.417), np.float64(0.909), np.float64(0.778), np.float64(1.0), np.float64(1.0), np.float64(1.0), np.float64(1.0), np.float64(0.97)]","[np.float64(0.11), np.float64(0.11), np.float64(0.11), np.float64(0.11), np.float64(0.11), np.float64(0.11), np.float64(0.11), np.float64(0.11), np.float64(0.11), np.float64(0.11), np.float64(0.11), np.float64(0.11), np.float64(0.11), np.float64(0.11), np.float64(0.11), np.float64(0.11), np.float64(0.11), np.float64(0.11), np.float64(0.11), np.float64(0.11), np.float64(0.11), np.float64(0.11), np.float64(0.11), np.float64(0.11), np.float64(0.11), np.float64(0.11), np.float64(0.11), np.float64(0.11), np.float64(0.11), np.float64(0.11), np.float64(0.11), np.float64(0.11), np.float64(0.11), np.float64(0.11), np.float64(0.11), np.float64(0.111), np.float64(0.112), np.float64(0.114), np.float64(0.118), np.float64(0.125), np.float64(0.141), np.float64(0.172), np.float64(0.229), np.float64(0.324), np.float64(0.46), np.float64(0.616), np.float64(0.758), np.float64(0.859), np.float64(0.921), np.float64(0.955), np.float64(0.973), np.float64(0.982), np.float64(0.986), np.float64(0.988), np.float64(0.989), np.float64(0.99), np.float64(0.99), np.float64(0.99), np.float64(0.99), np.float64(0.99), np.float64(0.99), np.float64(0.99), np.float64(0.99), np.float64(0.99), np.float64(0.99), np.float64(0.99), np.float64(0.99), np.float64(0.99), np.float64(0.99), np.float64(0.99), np.float64(0.99), np.float64(0.99), np.float64(0.99), np.float64(0.99), np.float64(0.99), np.float64(0.99), np.float64(0.99), np.float64(0.99), np.float64(0.99), np.float64(0.99), np.float64(0.99), np.float64(0.99), np.float64(0.99), np.float64(0.99), np.float64(0.99), np.float64(0.99), np.float64(0.99), np.float64(0.99), np.float64(0.99), np.float64(0.99), np.float64(0.99), np.float64(0.99), np.float64(0.99), np.float64(0.99), np.float64(0.99), np.float64(0.99), np.float64(0.99), np.float64(0.99), np.float64(0.99), np.float64(0.99)]","[np.float64(0.03), np.float64(0.149), np.float64(0.091), np.float64(0.147), np.float64(0.0), np.float64(0.0), np.float64(0.0), np.float64(0.0), np.float64(0.015)]","[np.float64(0.3), np.float64(-5.99), np.float64(0.09), np.float64(0.15)]",0.3,-5.99,0.09,0.15,
2022-03-22,1,181,327,Bpod5,323,152,171,83,208,229,78,151,126,98,62,57,5,0.7089783281733746,0.5131578947368421,0.8830409356725146,291,135,156,176,27,149,0.3253012048192771,0.7163461538461539,109,54,55,0.6506024096385542,0.2644230769230769,0.7869415807560137,0.5777777777777777,0.967948717948718,0.8333333333333334,0.39017094017094023,0.7159090909090909,0.8990825688073395,-0.18317347789824856,0.5208236793327155,0.4575127432808156,32,17,15,0.09907120743034056,0.1118421052631579,0.08771929824561403,229,78,151,572.5,195.0,377.5,4.0,0,0,0,0.31656346749226,,"psych_curve(xdata=array([-70.,  -8.,  -4.,  -2.,   0.,   2.,   4.,   8.,  70.]), ydata=[np.float64(0.317), np.float64(0.5), np.float64(0.857), np.float64(0.9), np.float64(1.0), np.float64(1.0), np.float64(0.941), np.float64(1.0), np.float64(0.966)], fit=[np.float64(0.32), np.float64(0.32), np.float64(0.32), np.float64(0.32), np.float64(0.32), np.float64(0.32), np.float64(0.32), np.float64(0.32), np.float64(0.32), np.float64(0.32), np.float64(0.32), np.float64(0.32), np.float64(0.32), np.float64(0.32), np.float64(0.32), np.float64(0.32), np.float64(0.32), np.float64(0.32), np.float64(0.32), np.float64(0.32), np.float64(0.32), np.float64(0.32), np.float64(0.32), np.float64(0.32), np.float64(0.32), np.float64(0.32), np.float64(0.32), np.float64(0.32), np.float64(0.32), np.float64(0.32), np.float64(0.32), np.float64(0.32), np.float64(0.32), np.float64(0.32), np.float64(0.32), np.float64(0.32), np.float64(0.32), np.float64(0.321), np.float64(0.322), np.float64(0.325), np.float64(0.331), np.float64(0.344), np.float64(0.372), np.float64(0.427), np.float64(0.521), np.float64(0.65), np.float64(0.778), np.float64(0.873), np.float64(0.928), np.float64(0.956), np.float64(0.969), np.float64(0.975), np.float64(0.978), np.float64(0.979), np.float64(0.98), np.float64(0.98), np.float64(0.98), np.float64(0.98), np.float64(0.98), np.float64(0.98), np.float64(0.98), np.float64(0.98), np.float64(0.98), np.float64(0.98), np.float64(0.98), np.float64(0.98), np.float64(0.98), np.float64(0.98), np.float64(0.98), np.float64(0.98), np.float64(0.98), np.float64(0.98), np.float64(0.98), np.float64(0.98), np.float64(0.98), np.float64(0.98), np.float64(0.98), np.float64(0.98), np.float64(0.98), np.float64(0.98), np.float64(0.98), np.float64(0.98), np.float64(0.98), np.float64(0.98), np.float64(0.98), np.float64(0.98), np.float64(0.98), np.float64(0.98), np.float64(0.98), np.float64(0.98), np.float64(0.98), np.float64(0.98), np.float64(0.98), np.float64(0.98), np.float64(0.98), np.float64(0.98), np.float64(0.98), np.float64(0.98), np.float64(0.98), np.float64(0.98)], params=[np.float64(0.58), np.float64(-6.36), np.float64(0.32), np.float64(0.02)], fit_error=[np.float64(0.046), np.float64(0.167), np.float64(0.143), np.float64(0.1), np.float64(0.0), np.float64(0.0), np.float64(0.059), np.float64(0.0), np.float64(0.017)])",[-70.  -8.  -4.  -2.   0.   2.   4.   8.  70.],"[np.float64(0.317), np.float64(0.5), np.float64(0.857), np.float64(0.9), np.float64(1.0), np.float64(1.0), np.float64(0.941), np.float64(1.0), np.float64(0.966)]","[np.float64(0.32), np.float64(0.32), np.float64(0.32), np.float64(0.32), np.float64(0.32), np.float64(0.32), np.float64(0.32), np.float64(0.32), np.float64(0.32), np.float64(0.32), np.float64(0.32), np.float64(0.32), np.float64(0.32), np.float64(0.32), np.float64(0.32), np.float64(0.32), np.float64(0.32), np.float64(0.32), np.float64(0.32), np.float64(0.32), np.float64(0.32), np.float64(0.32), np.float64(0.32), np.float64(0.32), np.float64(0.32), np.float64(0.32), np.float64(0.32), np.float64(0.32), np.float64(0.32), np.float64(0.32), np.float64(0.32), np.float64(0.32), np.float64(0.32), np.float64(0.32), np.float64(0.32), np.float64(0.32), np.float64(0.32), np.float64(0.321), np.float64(0.322), np.float64(0.325), np.float64(0.331), np.float64(0.344), np.float64(0.372), np.float64(0.427), np.float64(0.521), np.float64(0.65), np.float64(0.778), np.float64(0.873), np.float64(0.928), np.float64(0.956), np.float64(0.969), np.float64(0.975), np.float64(0.978), np.float64(0.979), np.float64(0.98), np.float64(0.98), np.float64(0.98), np.float64(0.98), np.float64(0.98), np.float64(0.98), np.float64(0.98), np.float64(0.98), np.float64(0.98), np.float64(0.98), np.float64(0.98), np.float64(0.98), np.float64(0.98), np.float64(0.98), np.float64(0.98), np.float64(0.98), np.float64(0.98), np.float64(0.98), np.float64(0.98), np.float64(0.98), np.float64(0.98), np.float64(0.98), np.float64(0.98), np.float64(0.98), np.float64(0.98), np.float64(0.98), np.float64(0.98), np.float64(0.98), np.float64(0.98), np.float64(0.98), np.float64(0.98), np.float64(0.98), np.float64(0.98), np.float64(0.98), np.float64(0.98), np.float64(0.98), np.float64(0.98), np.float64(0.98), np.float64(0.98), np.float64(0.98), np.float64(0.98), np.float64(0.98), np.float64(0.98), np.float64(0.98), np.float64(0.98), np.float64(0.98)]","[np.float64(0.046), np.float64(0.167), np.float64(0.143), np.float64(0.1), np.float64(0.0), np.float64(0.0), np.float64(0.059), np.float64(0.0), np.float64(0.017)]","[np.float64(0.58), np.float64(-6.36), np.float64(0.32), np.float64(0.02)]",0.58,-6.36,0.32,0.02,"psych_curve(xdata=array([-70.,  -8.,  -4.,  -2.,  -0.,   2.,   4.,   8.,  70.]), ydata=[np.float64(0.272), np.float64(0.455), np.float64(0.545), np.float64(0.625), np.float64(0.667), np.float64(0.692), np.float64(0.909), np.float64(1.0), np.float64(0.952)], fit=[np.float64(nan), np.float64(nan), np.float64(nan), np.float64(nan), np.float64(nan), np.float64(nan), np.float64(nan), np.float64(nan), np.float64(nan), np.float64(nan), np.float64(nan), np.float64(nan), np.float64(nan), np.float64(nan), np.float64(nan), np.float64(nan), np.float64(nan), np.float64(nan), np.float64(nan), np.float64(nan), np.float64(nan), np.float64(nan), np.float64(nan), np.float64(nan), np.float64(nan), np.float64(nan), np.float64(nan), np.float64(nan), np.float64(nan), np.float64(nan), np.float64(nan), np.float64(nan), np.float64(nan), np.float64(nan), np.float64(nan), np.float64(nan), np.float64(nan), np.float64(nan), np.float64(nan), np.float64(nan), np.float64(nan), np.float64(nan), np.float64(nan), np.float64(nan), np.float64(nan), np.float64(nan), np.float64(nan), np.float64(nan), np.float64(nan), np.float64(nan), np.float64(nan), np.float64(nan), np.float64(nan), np.float64(nan), np.float64(nan), np.float64(nan), np.float64(nan), np.float64(nan), np.float64(nan), np.float64(nan), np.float64(nan), np.float64(nan), np.float64(nan), np.float64(nan), np.float64(nan), np.float64(nan), np.float64(nan), np.float64(nan), np.float64(nan), np.float64(nan), np.float64(nan), np.float64(nan), np.float64(nan), np.float64(nan), np.float64(nan), np.float64(nan), np.float64(nan), np.float64(nan), np.float64(nan), np.float64(nan), np.float64(nan), np.float64(nan), np.float64(nan), np.float64(nan), np.float64(nan), np.float64(nan), np.float64(nan), np.float64(nan), np.float64(nan), np.float64(nan), np.float64(nan), np.float64(nan), np.float64(nan), np.float64(nan), np.float64(nan), np.float64(nan), np.float64(nan), np.float64(nan), np.float64(nan), np.float64(nan)], params=[np.float64(0.24), np.float64(-1.27), np.float64(0.3), np.float64(0.0)], fit_error=[np.float64(0.042), np.float64(0.157), np.float64(0.157), np.float64(0.183), np.float64(0.211), np.float64(0.133), np.float64(0.091), np.float64(0.0), np.float64(0.021)])",[-70.  -8.  -4.  -2.   0.   2.   4.   8.  70.],"[np.float64(0.317), np.float64(0.5), np.float64(0.857), np.float64(0.9), np.float64(1.0), np.float64(1.0), np.float64(0.941), np.float64(1.0), np.float64(0.966)]","[np.float64(0.32), np.float64(0.32), np.float64(0.32), np.float64(0.32), np.float64(0.32), np.float64(0.32), np.float64(0.32), np.float64(0.32), np.float64(0.32), np.float64(0.32), np.float64(0.32), np.float64(0.32), np.float64(0.32), np.float64(0.32), np.float64(0.32), np.float64(0.32), np.float64(0.32), np.float64(0.32), np.float64(0.32), np.float64(0.32), np.float64(0.32), np.float64(0.32), np.float64(0.32), np.float64(0.32), np.float64(0.32), np.float64(0.32), np.float64(0.32), np.float64(0.32), np.float64(0.32), np.float64(0.32), np.float64(0.32), np.float64(0.32), np.float64(0.32), np.float64(0.32), np.float64(0.32), np.float64(0.32), np.float64(0.32), np.float64(0.321), np.float64(0.322), np.float64(0.325), np.float64(0.331), np.float64(0.344), np.float64(0.372), np.float64(0.427), np.float64(0.521), np.float64(0.65), np.float64(0.778), np.float64(0.873), np.float64(0.928), np.float64(0.956), np.float64(0.969), np.float64(0.975), np.float64(0.978), np.float64(0.979), np.float64(0.98), np.float64(0.98), np.float64(0.98), np.float64(0.98), np.float64(0.98), np.float64(0.98), np.float64(0.98), np.float64(0.98), np.float64(0.98), np.float64(0.98), np.float64(0.98), np.float64(0.98), np.float64(0.98), np.float64(0.98), np.float64(0.98), np.float64(0.98), np.float64(0.98), np.float64(0.98), np.float64(0.98), np.float64(0.98), np.float64(0.98), np.float64(0.98), np.float64(0.98), np.float64(0.98), np.float64(0.98), np.float64(0.98), np.float64(0.98), np.float64(0.98), np.float64(0.98), np.float64(0.98), np.float64(0.98), np.float64(0.98), np.float64(0.98), np.float64(0.98), np.float64(0.98), np.float64(0.98), np.float64(0.98), np.float64(0.98), np.float64(0.98), np.float64(0.98), np.float64(0.98), np.float64(0.98), np.float64(0.98), np.float64(0.98), np.float64(0.98), np.float64(0.98)]","[np.float64(0.046), np.float64(0.167), np.float64(0.143), np.float64(0.1), np.float64(0.0), np.float64(0.0), np.float64(0.059), np.float64(0.0), np.float64(0.017)]","[np.float64(0.24), np.float64(-1.27), np.float64(0.3), np.float64(0.0)]",0.24,-1.27,0.3,0.0,
2022-03-23,2,182,327,Bpod5,410,191,219,120,281,327,116,211,199,121,74,70,4,0.7975609756097561,0.6073298429319371,0.9634703196347032,401,186,215,260,53,207,0.44166666666666665,0.7366548042704626,132,66,66,0.55,0.23487544483985764,0.8154613466334164,0.6236559139784946,0.9813953488372092,0.8936170212765957,0.3577394348587146,0.7653846153846153,0.9166666666666666,-0.1512820512820513,0.5891607354685646,0.39243772241992886,9,5,4,0.02195121951219512,0.02617801047120419,0.0182648401826484,327,116,211,817.5,290.0,527.5,4.0,0,0,0,0.41134146341463407,,"psych_curve(xdata=array([-70.,  -8.,  -4.,  -2.,   0.,   2.,   4.,   8.,  70.]), ydata=[np.float64(0.203), np.float64(0.5), np.float64(0.765), np.float64(1.0), np.float64(1.0), np.float64(0.95), np.float64(1.0), np.float64(1.0), np.float64(0.98)], fit=[np.float64(0.21), np.float64(0.21), np.float64(0.21), np.float64(0.21), np.float64(0.21), np.float64(0.21), np.float64(0.21), np.float64(0.21), np.float64(0.21), np.float64(0.21), np.float64(0.21), np.float64(0.21), np.float64(0.21), np.float64(0.21), np.float64(0.21), np.float64(0.21), np.float64(0.21), np.float64(0.21), np.float64(0.21), np.float64(0.21), np.float64(0.21), np.float64(0.21), np.float64(0.21), np.float64(0.21), np.float64(0.21), np.float64(0.21), np.float64(0.21), np.float64(0.21), np.float64(0.21), np.float64(0.21), np.float64(0.21), np.float64(0.21), np.float64(0.21), np.float64(0.21), np.float64(0.211), np.float64(0.211), np.float64(0.212), np.float64(0.214), np.float64(0.218), np.float64(0.225), np.float64(0.24), np.float64(0.267), np.float64(0.315), np.float64(0.393), np.float64(0.504), np.float64(0.636), np.float64(0.761), np.float64(0.858), np.float64(0.921), np.float64(0.958), np.float64(0.978), np.float64(0.989), np.float64(0.994), np.float64(0.997), np.float64(0.999), np.float64(0.999), np.float64(1.0), np.float64(1.0), np.float64(1.0), np.float64(1.0), np.float64(1.0), np.float64(1.0), np.float64(1.0), np.float64(1.0), np.float64(1.0), np.float64(1.0), np.float64(1.0), np.float64(1.0), np.float64(1.0), np.float64(1.0), np.float64(1.0), np.float64(1.0), np.float64(1.0), np.float64(1.0), np.float64(1.0), np.float64(1.0), np.float64(1.0), np.float64(1.0), np.float64(1.0), np.float64(1.0), np.float64(1.0), np.float64(1.0), np.float64(1.0), np.float64(1.0), np.float64(1.0), np.float64(1.0), np.float64(1.0), np.float64(1.0), np.float64(1.0), np.float64(1.0), np.float64(1.0), np.float64(1.0), np.float64(1.0), np.float64(1.0), np.float64(1.0), np.float64(1.0), np.float64(1.0), np.float64(1.0), np.float64(1.0), np.float64(1.0)], params=[np.float64(0.48), np.float64(-6.69), np.float64(0.21), np.float64(-0.0)], fit_error=[np.float64(0.035), np.float64(0.151), np.float64(0.106), np.float64(0.0), np.float64(0.0), np.float64(0.05), np.float64(0.0), np.float64(0.0), np.float64(0.012)])",[-70.  -8.  -4.  -2.   0.   2.   4.   8.  70.],"[np.float64(0.203), np.float64(0.5), np.float64(0.765), np.float64(1.0), np.float64(1.0), np.float64(0.95), np.float64(1.0), np.float64(1.0), np.float64(0.98)]","[np.float64(0.21), np.float64(0.21), np.float64(0.21), np.float64(0.21), np.float64(0.21), np.float64(0.21), np.float64(0.21), np.float64(0.21), np.float64(0.21), np.float64(0.21), np.float64(0.21), np.float64(0.21), np.float64(0.21), np.float64(0.21), np.float64(0.21), np.float64(0.21), np.float64(0.21), np.float64(0.21), np.float64(0.21), np.float64(0.21), np.float64(0.21), np.float64(0.21), np.float64(0.21), np.float64(0.21), np.float64(0.21), np.float64(0.21), np.float64(0.21), np.float64(0.21), np.float64(0.21), np.float64(0.21), np.float64(0.21), np.float64(0.21), np.float64(0.21), np.float64(0.21), np.float64(0.211), np.float64(0.211), np.float64(0.212), np.float64(0.214), np.float64(0.218), np.float64(0.225), np.float64(0.24), np.float64(0.267), np.float64(0.315), np.float64(0.393), np.float64(0.504), np.float64(0.636), np.float64(0.761), np.float64(0.858), np.float64(0.921), np.float64(0.958), np.float64(0.978), np.float64(0.989), np.float64(0.994), np.float64(0.997), np.float64(0.999), np.float64(0.999), np.float64(1.0), np.float64(1.0), np.float64(1.0), np.float64(1.0), np.float64(1.0), np.float64(1.0), np.float64(1.0), np.float64(1.0), np.float64(1.0), np.float64(1.0), np.float64(1.0), np.float64(1.0), np.float64(1.0), np.float64(1.0), np.float64(1.0), np.float64(1.0), np.float64(1.0), np.float64(1.0), np.float64(1.0), np.float64(1.0), np.float64(1.0), np.float64(1.0), np.float64(1.0), np.float64(1.0), np.float64(1.0), np.float64(1.0), np.float64(1.0), np.float64(1.0), np.float64(1.0), np.float64(1.0), np.float64(1.0), np.float64(1.0), np.float64(1.0), np.float64(1.0), np.float64(1.0), np.float64(1.0), np.float64(1.0), np.float64(1.0), np.float64(1.0), np.float64(1.0), np.float64(1.0), np.float64(1.0), np.float64(1.0), np.float64(1.0)]","[np.float64(0.035), np.float64(0.151), np.float64(0.106), np.float64(0.0), np.float64(0.0), np.float64(0.05), np.float64(0.0), np.float64(0.0), np.float64(0.012)]","[np.float64(0.48), np.float64(-6.69), np.float64(0.21), np.float64(-0.0)]",0.48,-6.69,0.21,-0.0,"psych_curve(xdata=array([-70.,  -8.,  -4.,  -2.,  -0.,   2.,   4.,   8.,  70.]), ydata=[np.float64(0.205), np.float64(0.385), np.float64(0.667), np.float64(0.812), np.float64(0.778), np.float64(0.789), np.float64(0.833), np.float64(0.938), np.float64(0.98)], fit=[np.float64(nan), np.float64(nan), np.float64(nan), np.float64(nan), np.float64(nan), np.float64(nan), np.float64(nan), np.float64(nan), np.float64(nan), np.float64(nan), np.float64(nan), np.float64(nan), np.float64(nan), np.float64(nan), np.float64(nan), np.float64(nan), np.float64(nan), np.float64(nan), np.float64(nan), np.float64(nan), np.float64(nan), np.float64(nan), np.float64(nan), np.float64(nan), np.float64(nan), np.float64(nan), np.float64(nan), np.float64(nan), np.float64(nan), np.float64(nan), np.float64(nan), np.float64(nan), np.float64(nan), np.float64(nan), np.float64(nan), np.float64(nan), np.float64(nan), np.float64(nan), np.float64(nan), np.float64(nan), np.float64(nan), np.float64(nan), np.float64(nan), np.float64(nan), np.float64(nan), np.float64(nan), np.float64(nan), np.float64(nan), np.float64(nan), np.float64(nan), np.float64(nan), np.float64(nan), np.float64(nan), np.float64(nan), np.float64(nan), np.float64(nan), np.float64(nan), np.float64(nan), np.float64(nan), np.float64(nan), np.float64(nan), np.float64(nan), np.float64(nan), np.float64(nan), np.float64(nan), np.float64(nan), np.float64(nan), np.float64(nan), np.float64(nan), np.float64(nan), np.float64(nan), np.float64(nan), np.float64(nan), np.float64(nan), np.float64(nan), np.float64(nan), np.float64(nan), np.float64(nan), np.float64(nan), np.float64(nan), np.float64(nan), np.float64(nan), np.float64(nan), np.float64(nan), np.float64(nan), np.float64(nan), np.float64(nan), np.float64(nan), np.float64(nan), np.float64(nan), np.float64(nan), np.float64(nan), np.float64(nan), np.float64(nan), np.float64(nan), np.float64(nan), np.float64(nan), np.float64(nan), np.float64(nan), np.float64(nan)], params=[np.float64(0.29), np.float64(-5.45), np.float64(0.19), np.float64(0.07)], fit_error=[np.float64(0.036), np.float64(0.14), np.float64(0.126), np.float64(0.101), np.float64(0.101), np.float64(0.096), np.float64(0.09), np.float64(0.062), np.float64(0.011)])",[-70.  -8.  -4.  -2.   0.   2.   4.   8.  70.],"[np.float64(0.203), np.float64(0.5), np.float64(0.765), np.float64(1.0), np.float64(1.0), np.float64(0.95), np.float64(1.0), np.float64(1.0), np.float64(0.98)]","[np.float64(0.21), np.float64(0.21), np.float64(0.21), np.float64(0.21), np.float64(0.21), np.float64(0.21), np.float64(0.21), np.float64(0.21), np.float64(0.21), np.float64(0.21), np.float64(0.21), np.float64(0.21), np.float64(0.21), np.float64(0.21), np.float64(0.21), np.float64(0.21), np.float64(0.21), np.float64(0.21), np.float64(0.21), np.float64(0.21), np.float64(0.21), np.float64(0.21), np.float64(0.21), np.float64(0.21), np.float64(0.21), np.float64(0.21), np.float64(0.21), np.float64(0.21), np.float64(0.21), np.float64(0.21), np.float64(0.21), np.float64(0.21), np.float64(0.21), np.float64(0.21), np.float64(0.211), np.float64(0.211), np.float64(0.212), np.float64(0.214), np.float64(0.218), np.float64(0.225), np.float64(0.24), np.float64(0.267), np.float64(0.315), np.float64(0.393), np.float64(0.504), np.float64(0.636), np.float64(0.761), np.float64(0.858), np.float64(0.921), np.float64(0.958), np.float64(0.978), np.float64(0.989), np.float64(0.994), np.float64(0.997), np.float64(0.999), np.float64(0.999), np.float64(1.0), np.float64(1.0), np.float64(1.0), np.float64(1.0), np.float64(1.0), np.float64(1.0), np.float64(1.0), np.float64(1.0), np.float64(1.0), np.float64(1.0), np.float64(1.0), np.float64(1.0), np.float64(1.0), np.float64(1.0), np.float64(1.0), np.float64(1.0), np.float64(1.0), np.float64(1.0), np.float64(1.0), np.float64(1.0), np.float64(1.0), np.float64(1.0), np.float64(1.0), np.float64(1.0), np.float64(1.0), np.float64(1.0), np.float64(1.0), np.float64(1.0), np.float64(1.0), np.float64(1.0), np.float64(1.0), np.float64(1.0), np.float64(1.0), np.float64(1.0), np.float64(1.0), np.float64(1.0), np.float64(1.0), np.float64(1.0), np.float64(1.0), np.float64(1.0), np.float64(1.0), np.float64(1.0), np.float64(1.0), np.float64(1.0)]","[np.float64(0.035), np.float64(0.151), np.float64(0.106), np.float64(0.0), np.float64(0.0), np.float64(0.05), np.float64(0.0), np.float64(0.0), np.float64(0.012)]","[np.float64(0.29), np.float64(-5.45), np.float64(0.19), np.float64(0.07)]",0.29,-5.45,0.19,0.07,
